0.0164355274066993 0.0450781166737733 0.0128774929073388 0.0161441475668226 0.0160764805707402 0.0087835237255459
0.0149831135469439 0.0804401591648212 0.0049852342452735 0.0078970676128498 0.0066596844989055 0.0017641549953236
0.0066585135291927 0.0398104691999987 0.0060514452416499 0.0039048272703222 0.0010528952426476 0.0
0.0060383911063112 0.0308388905825763 0.0084887723310035 0.0152269675738042 0.0071077437514249 0.0010911478967324
0.0145372976256509 0.1230581368970425 0.0096481778281604 0.0093561552834008 0.0480558426529444 0.0193102524227446
0.0077307070534421 0.0523410278424618 0.012507486122129 0.0163166402448986 0.0140277943836691 0.0672515649222971
0.013879370644117 0.0323690061360362 0.0073984169375322 0.0115313873370828 0.0037347671418634 0.0747708364973362
0.012268795772585 0.0399418985102534 0.009777821813417 0.0152577530713584 0.0206988952467598 0.0117505548715129
0.0091709831357632 0.0545520788242164 0.0076342251619708 0.0080055285898325 0.0114141605861297 0.0145352475665627
0.0062939806537712 0.0783147933870528 0.0071555699735886 0.0110034153657477 0.0027242695073239 0.0109709512844873
0.0072034196231284 0.0228019986024616 0.0108322567817539 0.0089517018729273 0.0027695251891121 0.0179207011789595
0.0087878055350983 0.0685223882730186 0.0080179364252101 0.0074340610631156 0.0170467311857957 0.0530057907861423
0.0060855149898353 0.0372055650354716 0.007305306284605 0.0069017097574974 0.0101254710315389 0.0519191885498601
0.0082319839309216 0.0603349349722831 0.0032622965006259 0.0040964172606339 0.0039970879738568 0.0510449769042764
0.0103436645548269 0.0532601190971782 0.0125235072873839 0.0056173474016574 0.0081397574603861 0.0376933006160783
0.0088227223340399 0.0895362267069476 0.0119154424480497 0.0221674749430356 0.0068251553640414 0.0059143137525352
0.0053025944144671 0.0756065244475671 0.0048445789092637 0.0077551017802064 0.0096256103811914 0.0080871572099827
0.0088683285136772 0.0205028015172625 0.0079198889292348 0.012952472543874 0.0086454777850942 0.0204073110891548
0.0055107764667349 0.1147256121143678 0.0128970864952946 0.0091222948312718 0.0047199894427355 0.1419339716451294
0.0076053001270705 0.0530562199623075 0.0035622896636892 0.0043391199075454 0.0291802470048233 0.0444839555437954
0.0066885566472985 0.0856016388053822 0.0201873694368156 0.0341110702492241 0.0081264932889357 0.0522883721307817
0.0158683925270428 0.0907216564236486 0.0169631174779866 0.0107166228048621 0.0145363934642931 0.0299193291114315
0.0097344370381808 0.0362364868317624 0.0243709178410491 0.0235157913071846 0.0144400894044452 0.035357618042032
0.0213707390432489 0.0393047521493749 0.0121309652689001 0.0103655726055256 0.0078834561839198 0.0264156724582965
0.0107102251634745 0.031896294984688 0.0341149619207209 0.0114092973015253 0.0167501243709842 0.0146954586588191
0.0147397579784231 0.0330787854008894 0.0276601751982409 0.0113974574234491 0.048545201120646 0.0372988181962283
0.0118123582515535 0.0888153867226542 0.013332975885658 0.0072209735530402 0.0051062295338001 0.0550482933660852
0.0093294897845782 0.0957861618746166 0.0068411985899462 0.0114940942352647 0.0594209037189377 0.0331973720191229
0.0124357884162943 0.0730796440269557 0.0283416615047238 0.009821993049687 0.0079393009660903 0.0880491093346411
0.0089677989934437 0.0914798950875682 0.0086471068527511 0.0142832275360566 0.0014035515735263 0.0860920966267011
0.0077840046985175 0.0229253715159417 0.0087863861966595 0.0102913595820132 0.0028195426403339 0.0026252694736468
0.0065712657570778 0.0211401161903709 0.0176114073828936 0.0155362219283473 0.0143180677864415 0.0340896742275469
0.0213764453898923 0.1187681331311473 0.0197227785681776 0.0226706993288366 0.0074131376032206 0.1044993526547523
0.0451388536766095 0.1365724404377856 0.0337256616793475 0.0363413016590447 0.0315011570805989 0.1291572166601484
0.0248055701090329 0.1347803722063744 0.0286645245796225 0.0391778685232062 0.0149043056596137 0.0843188035089683
0.0144363019561951 0.0575974682765814 0.023449391219383 0.0160153774572008 0.0241578186945428 0.0864564090950563
0.0235030592382286 0.0975070538855621 0.0226129338387252 0.0267761579802158 0.0210454367606085 0.0903872302308267
0.0149054427917208 0.0516509463081192 0.0216144626934426 0.0303122117138668 0.0728335680698303 0.0094137186610399
0.0175777309400218 0.0743151244244054 0.0151331931056747 0.0039191255669992 0.0069839001388293 0.0703253808338224
0.0202755718890912 0.0696012759365032 0.0347114089416099 0.0381207523603724 0.0257842544532273 0.0963727053066498
0.01621415414532 0.112310254540324 0.0603251157540274 0.0229563969711643 0.0277972856171649 0.1181371476591876
0.0233984620058141 0.0815865286441401 0.0203608278019998 0.0201770839779192 0.031874159673635 0.0717698146690417
0.0354513937680792 0.1251481014645795 0.0519012104982624 0.0174197542056366 0.027161878268886 0.1045279300492011
0.0227459353325296 0.105853080732535 0.0285140429340898 0.0176788206236741 0.0440635355665274 0.107398658441
0.0384809228524762 0.0688806498573272 0.0294421328328103 0.0231856121722985 0.0622729454534353 0.0232928102717483
0.0226145064547786 0.0699779588845897 0.0166995466004727 0.021327414594273 0.0068014976068981 0.0376617288836719
0.0217385348924274 0.0972231589033933 0.0481307650022928 0.0207580198242998 0.0321679136330065 0.0560542040192333
0.0153181054598539 0.0994321857954665 0.0263540561640955 0.0128053217005129 0.0195737276442141 0.1097545407154361
0.024009101335607 0.1349269726140418 0.0234092491847148 0.0201200730642254 0.0289633622069775 0.0922401585254192
0.0353971247197199 0.2137009077016873 0.034289828013906 0.0223563522782986 0.0161026454722492 0.1343456591982434
0.0215525929279971 0.0999336935717054 0.0097893846449725 0.0137749577938691 0.0356192127372981 0.0526077972129813
0.0400268738981171 0.0497903034312374 0.0663332726534616 0.0485308333107831 0.0204488867213359 0.0529124124404688
0.0406513746537979 0.0354236526147512 0.0456875232060629 0.039004279229182 0.0008951942184298 0.0437291184229705
0.0386787472929029 0.1001866041599074 0.0361483790177212 0.0422163396707893 0.002241156030843 0.0935288662188598
0.0136087711598302 0.1066369583165755 0.0423302108600059 0.0153328347499785 0.002815437349892 0.0299516645948642
0.0338428576137474 0.1298546575540701 0.0444001469640908 0.0689581270173902 0.063727630200887 0.1245237945749175
0.0475704054418378 0.121688187173507 0.092234131252024 0.0782404770134107 0.0393033531139793 0.1561296742078887
0.1054067201923892 0.2128874271449325 0.0933406250643254 0.0614436080733521 0.0347105137471128 0.1433083023459068
0.0729643604227578 0.1154798933617716 0.0874333763210751 0.0917670939360524 0.159014472697723 0.1154167044239779
0.0777775069388928 0.0993748652162974 0.1238319512206889 0.0751366980929185 0.1260346918526005 0.0623469782126018
0.0768734713435882 0.1364702755906377 0.0648213632984939 0.0455316065967947 0.0860257066151636 0.1169208565333796
0.061899167735759 0.1012617430481797 0.0323440208782749 0.033823634555604 0.0449403985097869 0.0937948980547893
0.0861849944685123 0.1686925372868559 0.1002213386562271 0.082525829760392 0.075929758288647 0.2303048043599577
0.0166037926743939 0.0838407495793387 0.0348989864694233 0.0419015108620795 0.0453746644573466 0.0340054438482627
0.0432133034690686 0.0732638380310077 0.0596026319032598 0.0204277201526269 0.0114329739582178 0.058092141857636
0.0329919762361248 0.0456892069766393 0.0335878746306843 0.0337720977189441 0.0211437493008726 0.0484366842223749
0.0160960358872494 0.0279131736687303 0.0646921572828247 0.0221316690884246 0.0047799902448326 0.0154871879568031
0.0143877692102799 0.0442131355468251 0.0128100594642277 0.0232844236378565 0.0109468509152507 0.0654143100292703
0.0076545453979757 0.0661079685620566 0.0240661484441814 0.0099486368264308 0.0179118362398912 0.0432062283544844
0.0196001479878442 0.0616119693012958 0.0184155469454752 0.0093842520765457 0.018250308756819 0.0707359939243487
0.0124948179145505 0.0703295982461935 0.0300475808198011 0.0121826363083 0.0186291123784508 0.1160893964163941
0.0095221799444136 0.0596233860911877 0.0327363573409633 0.0106164482737562 0.0063393271107449 0.1023875262624354
0.0141075197101707 0.0457104883840218 0.0178178676372444 0.0090585921282389 0.0340269683665057 0.0184764207907492
0.0174681726018343 0.0209921127820393 0.0225672109495091 0.0115584095283715 0.0068606094843486 0.0394591739682898
0.0120482157361706 0.0614093763791247 0.0170812777230365 0.009420840806859 0.0103160509771423 0.0871531079480742
0.0098951888228968 0.081565884978963 0.0255781767365368 0.0071280203120069 0.0066361135320786 0.0880986993463918
0.0098783547877499 0.0552526313995692 0.0207384686493033 0.0058751732153135 0.0064333787488982 0.0993563762788737
0.015731980965945 0.0754355609082526 0.0206033584245679 0.0045559780972569 0.0078716888975377 0.0654059695229339
0.014086873075343 0.0572215131107445 0.014752989440005 0.01905684257006 0.0162652762302722 0.0294046907675968
0.0198219332488536 0.0338174117444693 0.056134381621687 0.0269130900027882 0.0419578137083032 0.0343156866768642
0.0245336747426078 0.0183147091369336 0.0185769628798491 0.0126567844684737 0.0124721232607302 0.0413199426578443
0.0155871694686942 0.0371864944613798 0.0181184053368618 0.0078427123165627 0.0279102437398077 0.0244534642642966
0.0141695100284711 0.0656518333442146 0.0214453751028087 0.0127934399826175 0.0151465892457383 0.1044777905163503
0.0102038539986329 0.0811300154202744 0.0081151087400992 0.0095832935111379 0.0154544871458823 0.0950396441828981
0.0071330984075457 0.0679086821680736 0.0096942972786565 0.0108288447695251 0.001175755537749 0.0722429742813011
0.0171579553743844 0.103003362719023 0.0137605787384526 0.0107490417365944 0.0179084908320366 0.0768957358984251
0.0266963127720411 0.0150455862378864 0.0298714583353818 0.0204221019454793 0.0325981706929672 0.0372127855169989
0.0109099944445899 0.0365332881650702 0.0208024786011881 0.0256778557559811 0.0041599997209593 0.0140722567214873
0.011047255664468 0.0259825244115078 0.018551324903517 0.005975675861837 0.0068690803453122 0.0547450160371045
0.0064526553340093 0.0475316726528177 0.0181436854782975 0.0049126918306432 0.0048827221964874 0.0375653521559043
0.0058463231285636 0.0549713469085635 0.0098625838880935 0.0115008773467063 0.0090479777743963 0.0177225761070949
0.0078159095485233 0.0650469781006068 0.0096855743021239 0.0095205690545985 0.0082518056964908 0.0461771336018421
0.0139447553448071 0.077141983247999 0.0329355274938111 0.0050565848768827 0.0177667663930276 0.1261496541085857
0.0041138094743543 0.0457037227380933 0.0043145430339776 0.0062215688291246 0.0021739801117259 0.0103856773828583
0.0086604125088599 0.0201815101095971 0.009472024943538 0.0086339694402279 0.0116684974533009 0.0020695166942702
0.0139302452015042 0.0467073529688292 0.0100642110916743 0.0072079247339925 0.0059248537197479 0.0617686975444166
0.007789864791912 0.053486952708212 0.0097616431005245 0.0115320663860988 0.0146093565512941 0.0179001666524109
0.0202289125400144 0.0504020108739509 0.0161591837190015 0.0142777658750733 0.0117772156834849 0.052739100360822
0.0172668828131558 0.0460076025327919 0.006913243076625 0.0084436936222442 0.0137776242263999 0.040675946067216
0.003569989672179 0.0067207725323967 0.0039608792212149 0.0024069126167354 0.0033935309998669 0.0018918163490459
0.0033640120283396 0.0091904081430243 0.0058581732332669 0.0073299058809051 0.0240135631833683 0.0054490358170316
0.0030826904889768 0.0350884538187461 0.0281796135068414 0.0085441903947901 0.0124521340117691 0.0611279404610597
0.0071974057142358 0.080821285889129 0.0153147733685655 0.0056607185258684 0.021056036176372 0.0808477557639189
0.00715388474847 0.1198288395037351 0.041488472093589 0.0102325039447491 0.0111646445153261 0.0768350677544707
0.0044381520977503 0.0763230105036557 0.0438981082626016 0.0165116952160201 0.0111276259292304 0.0988908010487317
0.0054929235425889 0.1175108206628638 0.0108621277366236 0.0118504308827753 0.0017580136482035 0.1616951563468009
0.0053460079375012 0.0747067795498819 0.0225565276837239 0.0051299631163636 0.0109846149549927 0.068048740660693
0.0156584048242175 0.078599823513615 0.0094935483143325 0.0059422840277259 0.0054123302217425 0.0153511904598029
0.0079512198748137 0.020469746010074 0.0460862968115895 0.0105560444812318 0.0168293907596231 0.0124374016370786
0.0075154624511116 0.072756431241563 0.0182748098509768 0.0141541564869556 0.0150887368783895 0.0950746881663276
0.0074896402392359 0.085563115552717 0.0084270739201602 0.0132481667293765 0.0086685531792364 0.0618674421725616
0.0102487564039509 0.0662602138237843 0.0049215656188579 0.0069349213630892 0.0065193064435903 0.0408078952477037
0.0072158035443133 0.0793124152988572 0.0241711299020755 0.0090790274015924 0.0025951055798854 0.0881406179711772
0.0077456780618671 0.0814173968070029 0.0225256818884743 0.0122693614272839 0.0216439311925959 0.1225181632774207
0.0050384638765211 0.0519741173078269 0.0119290020343564 0.0043981181832587 0.0 0.012138573506496
0.0072592858158253 0.0436711658220898 0.0023551357481546 0.0068260963209503 0.011334810616156 0.0037090537232034
0.0059825257175941 0.082827222343376 0.0220429739443837 0.0096630442992813 0.0043609978566212 0.110279035169467
0.0136560066599573 0.0878255758506892 0.0133950695273889 0.006573535136827 0.0248763985722072 0.2066186969615865
0.0071234301616709 0.1241639961897355 0.0584943601954763 0.0193413875022357 0.0070434839302455 0.0479704213928894
0.0119692045364513 0.077268404991968 0.0158034085659543 0.0061172312472183 0.0045705297547988 0.085323584817172
0.0114770859753723 0.1122627390642343 0.0090486329182281 0.0061056857125393 0.0188514682116058 0.0583565679524048
0.0217680991109173 0.0700304172040174 0.0112853911976242 0.0113816585589126 0.0005299670443763 0.0914755553351458
0.0062775744785163 0.06950449295284 0.0082490656907233 0.0140363490768262 0.0112247423042076 0.0523424757735747
0.0078286244268238 0.1239820659336837 0.0092734839333202 0.0084909419110428 0.0053253507895224 0.0671689581142873
