0.0310515746238157 0.0277224692547029 0.0309399859543329 0.0628655243831556 0.0200075044419275 0.0083792180842858
0.1621357889398192 0.0712317631818973 0.0560593133709185 0.0996998325940707 0.1153841140503799 0.141612396444937
0.0579266994984338 0.0910591775787585 0.0853611536980649 0.1285650809128026 0.0803152175879361 0.0262730846638054
0.1045808280178623 0.0962207344457818 0.0450080248363329 0.1095183079538562 0.05904082294638 0.047529827283794
0.0661843521133051 0.0662455021340504 0.0405213885947819 0.1244801363033733 0.015707274098515 0.0218531724466697
0.0751653483920891 0.0710901155817892 0.0899258697830893 0.1059133572926673 0.1480687615065802 0.0178571701758478
0.059278068471844 0.0311424162421562 0.0269387740377121 0.0930664887067727 0.0163690276869144 0.0088612869924413
0.0645557719426344 0.0467137568676962 0.0315122755946586 0.0326387102843639 0.008753793619197 0.0696287272025267
0.0686376340653718 0.0440750563117 0.0792787848601646 0.090529284928247 0.098076951362326 0.0761213488526997
0.0309010907492505 0.0157644881755608 0.0099906587405081 0.0097409851224886 0.0102807305370084 0.0393148758437538
0.0231342760197014 0.0376931813674017 0.0312473922831457 0.0545445065451131 0.039377001151497 0.0244622998943138
0.0711457000064947 0.0372733977256543 0.037093900316073 0.0583584697193852 0.0096330665111259 0.0096420853500881
0.0287950344474889 0.014881808969014 0.018085352167824 0.0331430617880666 0.0196777544440725 0.025766744884829
0.0506357019139484 0.0232373634434523 0.0272895098233549 0.0770584011243374 0.0392213626554421 0.0344591676544643
0.0403639640286072 0.0280087160897599 0.0270859868547399 0.0679487862680358 0.0124830740974402 0.0119434806218323
0.0721644522481685 0.0510267030744326 0.0422935783185819 0.0519614009919948 0.0688649476109873 0.0830772077896687
0.1003024319115328 0.0638347598791125 0.0899189426106927 0.0957999421712926 0.1475251151298509 0.014110480754354
0.1255510767649921 0.0715528229320447 0.0611833152421118 0.0654603343928475 0.0117886312245923 0.1579057082940047
0.0515619402727347 0.0341300789507678 0.0146931139081752 0.0773398597557379 0.043584635865229 0.0591261992987456
0.054887251381716 0.0519654865952214 0.0163939345169792 0.1126604299407205 0.0065972482643276 0.0122524331873107
0.0301146730644863 0.0131753854166835 0.0145997876291467 0.0288165107948404 0.0121803992605635 0.0057769190282355
0.0891384635036014 0.0480678441899974 0.0413432165158728 0.0563690417536285 0.008816155489988 0.0131551649710933
0.048942137603826 0.039856963576246 0.0550583706064664 0.014865590241993 0.122636873517742 0.0841803649097268
0.0647438681532102 0.0925001797236507 0.0454069950049006 0.0632373247143235 0.0081941092102732 0.0179317987126297
0.0362560448330141 0.1707676470875127 0.1071576901898154 0.0814859092981122 0.0349001489457321 0.1871909679142079
0.0674767841053237 0.0392650297229355 0.0577031148941283 0.067873014944839 0.0071923352867031 0.1039293865446612
0.0760040064996182 0.0426408102450929 0.0539036150389907 0.0698825187211956 0.0266695699637083 0.0579556504445478
0.0368116791284677 0.0254166293228087 0.0227598899177854 0.0378087668045184 0.0132680877649466 0.0080550152559808
0.0434363948299178 0.0133317344822276 0.0254655363027799 0.0721776062056642 0.0260964137666947 0.0214742824116967
0.0430127053620449 0.0233314180698553 0.0256650228207223 0.0219988486289401 0.0373122895165014 0.0103342290132649
0.0592316491114249 0.1439263378252438 0.0336832389455417 0.0423638139425563 0.0525131806555604 0.0288993274289932
0.0323847792080798 0.0634551959800757 0.0146271577487175 0.0452023260069167 0.0253227413846753 0.011708902968174
0.0353125304832779 0.0356768798270306 0.0332442231530103 0.0330510440441752 0.0221192401447029 0.0234568180473867
0.0510091090939841 0.0497889860481073 0.0516714206563443 0.1074833443254337 0.1289831747787136 0.0153755919585969
0.0237106266185099 0.0088131250078147 0.0520577662149393 0.0521597233587782 0.0213389620108738 0.0163965118770786
0.0432383739319568 0.0093106999951028 0.0248152269499912 0.0576664844367805 0.0075538982064633 0.0099433306440303
0.0468410184440509 0.0114463268629848 0.0205529970153714 0.0426213221186369 0.0341482959252768 0.0134220745346469
0.0185649993914322 0.0283645285295832 0.030363215905686 0.0297331112480074 0.0222000883508469 0.0169272512260841
0.0531361991831147 0.0268859477129492 0.0205470071220363 0.0250649823528237 0.0115674756049195 0.0219259518024449
0.0185824965998422 0.0124156323433863 0.0087153089801152 0.0260775354784281 0.0089295533771359 0.0145374379645516
0.0121780172501757 0.015374966261642 0.0041593973373492 0.0280403980367855 0.0040107422839309 0.0094677584393416
0.0295863764280026 0.0177109836371803 0.0298918351736327 0.0320894066832862 0.0271539377329715 0.0474561905935455
0.0326260944781434 0.0145698509008024 0.0251866115604848 0.0247280380059932 0.013976868527901 0.0090706093025487
0.0287953833451334 0.0163386191575142 0.0209674259093267 0.0182073856572363 0.0093516945115296 0.0098484471998174
0.0077469824393558 0.029344973205614 0.0375842132133631 0.0584530624067582 0.0232740634239621 0.0053453887601143
0.0279525388254589 0.0146731185373694 0.0166935338606423 0.0499462633919842 0.001147120780334 0.0149051641351734
0.0771110717473297 0.009830824772247 0.0421673308493088 0.0743932592234583 0.007892169645036 0.0315514776483283
0.0397941262848413 0.0333848164938428 0.0067034656464195 0.0772597645907088 0.0170995701337586 0.0203078213839153
0.0279604662699005 0.0101428751390457 0.0079470393378105 0.0418188946895174 0.0368667946448629 0.0061770479486019
0.0205243903118833 0.0089583236135053 0.0175039435441664 0.0478883490142839 0.00858021308713 0.0074442352709444
0.012640554307164 0.0114821315693537 0.0151804435905571 0.0286259404634028 0.0065670037575084 0.0134289348810784
0.0189340118213279 0.0473426116704741 0.0086425184812401 0.0422419470850792 0.0088677399905968 0.0262842386558989
0.0412354911567905 0.0139895298841318 0.0104628235018981 0.0353165145306166 0.0389188527653829 0.0098642323903785
0.0480983670025521 0.0273187797752276 0.0269389620736586 0.0244632779416548 0.0106714410523855 0.0125008467527094
0.039120966575527 0.0116399327324989 0.0084284989568693 0.0226906924285019 0.0276605330034815 0.0103018211785943
0.0410586230888591 0.0341352976774471 0.0293087149181837 0.0416089986537229 0.0177625682222626 0.0178133974982125
0.0380803628540657 0.0150829261928231 0.0341479725850109 0.0088612474669223 0.0061561067549613 0.0133952265088833
0.0296019642703073 0.0132501469457301 0.015487086084799 0.0369519325083883 0.0094494816930562 0.0356837918081375
0.0444252146497146 0.0330291663351296 0.0324142080777314 0.0157913322539892 0.0089666088207749 0.0571969127458938
0.0227858612830801 0.0105675533454158 0.0281419042325964 0.0198262088526565 0.0154397048145506 0.014557695132805
0.0205710907872263 0.0200080330660206 0.0238442491931808 0.0373386495443626 0.0075441624366868 0.0287336869738065
0.0399479589181213 0.0236953120708203 0.0209777869269736 0.0168520735535309 0.0159883270666049 0.0339173957619757
0.0310393282474147 0.0147921514114808 0.0109869647416659 0.0389073110458314 0.0074676484245299 0.0131959175537297
0.009332284233452 0.01104890759858 0.0119983294558447 0.0125128810401793 0.0077100648252027 0.0077078045049484
0.0113967843503097 0.0237230106380511 0.019304092738866 0.0240959439039803 0.0320458093340285 0.0181389649213915
0.0124351326755652 0.0250297619423548 0.0180525628773364 0.0149111737958404 0.0091937513175095 0.005361672324053
0.0129313875585213 0.0417609691987881 0.035912005232544 0.0694160376324801 0.0699873341340811 0.0434743513291671
0.0230062182128821 0.0172126985934024 0.0194221822431955 0.021523304972711 0.0091097763381616 0.008272958206256
0.0239556056857123 0.0143915876909818 0.0171271136392632 0.0335132021854249 0.0068720542139409 0.0244660981799623
0.0233187759826337 0.0206351034061107 0.0151944973825357 0.0410448641986956 0.0109885549854868 0.0085295924370294
0.0333171750541921 0.0082802283647524 0.0094755440068052 0.0201397458305728 0.0142811600975419 0.0374318008132591
0.0744882063918202 0.0370317059139763 0.0201171241526509 0.0391991563286314 0.0102695748254308 0.0157185586825686
0.0424237611553759 0.0724581123137366 0.0216141860270269 0.0794080546153548 0.0137186199189922 0.0160719272091985
0.0097125696345876 0.0091692958314529 0.0136736441281306 0.0236848179471631 0.0210398015545589 0.0220079505658547
0.0109632745610939 0.023666289012759 0.0423467443799613 0.0322522107476198 0.011845562118416 0.0119170607515275
0.0223656597804293 0.011653585781378 0.0143870506315127 0.0274626606163738 0.0016723714491145 0.0056245397180663
0.0149864394778481 0.0199070545756522 0.0075903101512171 0.0476459087805811 0.0151841602266577 0.0034501571957852
0.0337881371615884 0.0122393990467674 0.012754635418726 0.026402989319481 0.0410584215340366 0.004347765948734
0.046503477200693 0.0147059334509749 0.0140700511885467 0.057731383051303 0.0161329293816632 0.004692663346516
0.011866607472466 0.0318887906497966 0.0309706046797207 0.0231411517964798 0.008927839711707 0.0052617850147577
0.0251519201454364 0.0504101547567165 0.0318125702960468 0.0552294563821973 0.0365818457232895 0.0
0.0319283315900771 0.0416583458832983 0.0240951454490392 0.0327475563507093 0.0254349289992269 0.0118178194252126
0.0178565280952207 0.0164225423177875 0.0174968251016159 0.0511411815169875 0.0070251907559647 0.008226382682425
0.0126114352331084 0.027433945863795 0.0089856365715882 0.0174048703010949 0.019166943631281 0.010487104207935
0.0214903848056514 0.009037479060845 0.0118314260050813 0.0558504875405934 0.0092251722794436 0.0089368750756651
0.0250328805340558 0.0025255880858737 0.0165588532734229 0.0151318922288395 0.0047010010583092 0.0135864698470138
0.0148793797175862 0.0244027254235885 0.0114082826998565 0.0190787866937216 0.0047939472890342 0.0128529061229528
0.0366917305187743 0.0127320474852739 0.0203513878868804 0.0549311883830172 0.0122120073561179 0.0160344236672589
0.0208287583318831 0.0151264162635372 0.0076921178668966 0.0228055936390617 0.0136860678867386 0.0073068195817188
0.0111211738743915 0.0095559020044552 0.0092069607971155 0.0390801456246727 0.0090953645036442 0.0135020173198963
0.0204965780100045 0.0191248614523398 0.0156057672337696 0.0131115054392983 0.0113263402161772 0.008355582493879
0.0254632496806949 0.0172244945432306 0.0169491455100197 0.0228738837544928 0.0119294672564213 0.0123537896292212
0.0449433119342935 0.0244274919334535 0.0103490798487372 0.0364153835362626 0.0147405526019755 0.0101349040693778
0.0189692527400225 0.0214236178088533 0.0097018209792535 0.0195860310228434 0.0117906934015401 0.0040173214281412
0.035312949960831 0.0322646323721263 0.0358094222558333 0.0346099636106833 0.0205794268414451 0.0506961596932528
0.0228326754344065 0.0191552512302464 0.0235290039346911 0.0239748615253984 0.0110752187009094 0.0048064154609185
0.0198783951309312 0.0097548514809878 0.0135570291295038 0.0478310713041452 0.0093780529247755 0.0116021278126195
0.0197422907040245 0.0151606525456626 0.0161638874545009 0.0231892385440397 0.0167292708233103 0.0028525613869518
0.0152645305418044 0.0139045070107941 0.0101051590848823 0.0350842435773181 0.0110221438183861 0.0105222012340821
0.0274642783975593 0.0302942789558485 0.0192404711179433 0.0231015879781635 0.0157838064091239 0.0113408164657095
0.0902732290756407 0.0798415763598532 0.0432110153912063 0.0718549953303376 0.1027131698871058 0.1364085576117457
0.0332171997096378 0.0491471887181053 0.0487450502264167 0.0569034757623884 0.0058995652117394 0.0077293179878696
0.049252086898138 0.0225528802469095 0.0283255488396741 0.0332890976476572 0.0058611128065487 0.0102955902955612
0.0242158874234824 0.0224842792379027 0.0320623841577797 0.0364091185850593 0.0213641100123043 0.0158115044329215
0.0330367306008721 0.0191972668137015 0.0175037389471146 0.0299314581142256 0.0178235271104745 0.0045640879295494
0.021679308883593 0.0127438834970624 0.0142788006054547 0.0305484982931304 0.0125843099533398 0.008284690152649
0.0190635959302787 0.0159773042626952 0.0126506878980116 0.0325586523893672 0.0166717105499644 0.0093427202558526
0.0126098023109334 0.0204057610859613 0.0275959915555991 0.0380985751708826 0.0267862242011949 0.0122246252153087
0.0302787152073414 0.0281260567983372 0.0116644186608344 0.0470683237256454 0.0298178894136044 0.0132818080478324
0.0156011740352284 0.0183988908111465 0.0249584191906907 0.0476162888688931 0.0092428511862115 0.0260157405830733
0.0511540713539455 0.0279795421320047 0.030466998829143 0.0534705977770852 0.0052376169799272 0.0076168669990579
0.0254764286528176 0.0069253635027018 0.0149187512438776 0.047400060509992 0.011273487909748 0.0054566976009641
0.0471538009540205 0.0212515687176964 0.0191447134473636 0.0514300985917844 0.0673443601107146 0.0149333877741454
0.0272270077894125 0.0182529653064861 0.007303085440795 0.0444113263730743 0.035550350940738 0.0105084249607155
0.0223947423316969 0.0165504943768955 0.0178385226457197 0.0599717147403181 0.0008964350358083 0.0126394089830844
0.0349769709053625 0.0300641607061217 0.0117438529623009 0.0310635345137573 0.0287666483078517 0.0311889494622322
0.0136881935089401 0.0243945385311961 0.024574236639327 0.023928364118476 0.0172176438942324 0.0115787180328559
0.0310898141560638 0.0207166657566156 0.0157460328083026 0.0399180244317803 0.0101425960905455 0.0098627021505157
0.032205762742184 0.0228939757040679 0.0207697562211088 0.0343462751774542 0.013100889678994 0.010585536969078
0.0414196062691966 0.0153274257444466 0.0280385721825566 0.0569773546687219 0.0173153613359684 0.0159617432831591
0.0504958569188516 0.0205775508894347 0.0149778138281852 0.0409341406787164 0.0199644675937451 0.0095554875329423
0.0763289508457635 0.0553018915122644 0.033835968653759 0.0349484657291708 0.0114195097475442 0.029848132308555
0.0467980040799482 0.0274240477333528 0.0275187188129725 0.0315695039578026 0.0272006861640235 0.021266909749911
0.0311775070978391 0.0233300610750055 0.0156875964854338 0.0360017560829594 0.0232644761090538 0.0309814510320075
