0.0193273859830579 0.0269096804189027 0.0353342683670173 0.0146057322676293 0.0083619099680364 0.0387587896987826
0.0337204227486519 0.0668515183909372 0.1050121951824133 0.0243831294338006 0.0020156515346144 0.1409219305965502
0.0094363055838716 0.0492876910212478 0.078337825637295 0.0158982078856979 0.0072924235961115 0.0086330457780723
0.0034933669224069 0.0040980301235143 0.0827283664461429 0.0128484590048856 0.0013280210056167 0.0178461065460972
0.0077419701235042 0.0161134446710458 0.1981948083710227 0.0151081651281548 0.0034589402622846 0.0184652258417037
0.0236507022451547 0.0944571772209768 0.1279489968004252 0.0108277286141599 0.0006565336171893 0.0310290541072701
0.0473128489964127 0.1348720909894188 0.1987796500664075 0.0737559849063849 0.1088157628115635 0.1386005628580645
0.0223775082048416 0.1246813212797099 0.1458922209906301 0.0276449726277917 0.067677970750366 0.0346298339357855
0.02762699258905 0.1391359525439201 0.117363818274074 0.0690110717952358 0.0352029068763071 0.1371870595296301
0.0221785708513585 0.0091705784675385 0.0637286458348322 0.0365503869582715 0.0396875172093799 0.042247901574662
0.0080908788915326 0.0117561015248596 0.1132059548186248 0.0199427734893515 0.0157161348160194 0.0134153146020479
0.0108897809968451 0.054898556239095 0.1055343080673611 0.0524653024202623 0.0346077974845739 0.0070645943217108
0.0145654339687602 0.0932827246223534 0.074553153987288 0.0360612725154564 0.0168063330724791 0.0513245294194746
0.0144995527443733 0.0322031723215762 0.0522768264154379 0.0227712983708008 0.0181333702450133 0.0639829871258558
0.0132577781140002 0.1104818715511791 0.0878048519110835 0.0197092309163962 0.0080265979068282 0.0623019500850962
0.0075816472341921 0.0396630963949711 0.1114277628940024 0.0203088339458889 0.1431277929159418 0.0148964527860706
0.0326593981201098 0.0308036566257664 0.0460227817142021 0.0581755843489947 0.0842319259663222 0.0205410105372991
0.0159702716097122 0.0473450252566658 0.0194504314819617 0.0331482983349509 0.0118996609320173 0.0162104254244154
0.0095763372587521 0.1423081637738855 0.0557466155184553 0.0200182156294863 0.0083410008051315 0.0019431745062262
0.0140847509060532 0.0323553261951332 0.020273164004601 0.0331844786532613 0.1387370581175464 0.0113296523642608
0.024845775620357 0.0951327883134669 0.0763782387431841 0.0237960974304054 0.0846798674183737 0.1082250172269765
0.0180153650321484 0.0805817179640079 0.0228089845757621 0.0173013051123053 0.0410793412587899 0.0633418796652585
0.0141589694270638 0.1178430100658163 0.0388514902967071 0.056258925213835 0.0068397468102884 0.0036362949471825
0.0135250277554392 0.0237808855773891 0.0840405058177898 0.0275691909725409 0.0299789756521827 0.0849621500780759
0.0275557285662872 0.0218765442055003 0.0822682097742452 0.0440410077931074 0.0247998235329709 0.020396613081664
0.0185446207673815 0.0657302411469068 0.0792527364562685 0.0240296072297762 0.0183106133144876 0.0191923502531607
0.0112785867623742 0.0859948503028085 0.1153598410771656 0.009303353639955 0.0039234828530096 0.0408905298942301
0.0225125335605812 0.0791935060415202 0.1932183635716512 0.0586645818540474 0.1559167493290275 0.1158168226550425
0.0138284591427398 0.1211708879025021 0.1933441044111264 0.019748701872373 0.0774032487319416 0.016292142600869
0.0129565282893063 0.1512902193893747 0.1295155151046549 0.0777348430424014 0.1474782018969372 0.0615773196665018
0.0291300326814856 0.1457224817851595 0.0639213025282489 0.0978735005249321 0.016401796305915 0.0791587186988263
0.0200992006441024 0.0407877303252983 0.0686339506207877 0.0248356247203062 0.0681874644941474 0.0153290892513543
0.038355183857942 0.0388397191192869 0.0438247920694904 0.0232038234419688 0.0364607716635629 0.0424403976729561
0.0627167861236552 0.1234698997252044 0.1289499241728915 0.0275282680810404 0.0186316493794625 0.0856223665611773
0.0562772462273987 0.127755391540475 0.1018757505802136 0.0819787283109422 0.0481055354216999 0.1087768788995554
0.0722572626555127 0.1581410514581994 0.0950894394538374 0.0550893129391942 0.0722191928171382 0.1486827913624055
0.0238197915724963 0.0434432381155202 0.0295902112870866 0.0469075394151409 0.0203680899582346 0.012361157537671
0.0071201659405139 0.0287934750891526 0.0479004948646232 0.0156147506103483 0.050391822920451 0.0179099528236097
0.0161392510761541 0.0203946601852515 0.0227051642298313 0.0196264740816434 0.0018228138800645 0.0227331108853816
0.0098987500667853 0.0350308863691564 0.013627369613479 0.0067437614941152 0.0007983810415068 0.0040230841555507
0.0162173014394086 0.039789756035821 0.0395629557657425 0.0164503663125528 0.0252034469208359 0.0176112098746843
0.0058621646132053 0.0184225605917558 0.0345948891676882 0.0149354603434182 0.0067840594041655 0.0442465922695195
0.0179943129993648 0.062746274960315 0.0440799922390653 0.010916209385455 0.0087477426029345 0.0549732277468224
0.0083735474064046 0.0546098480343757 0.0467514204368787 0.0081763971466631 0.0204832469595883 0.0257998241942647
0.0212137838210242 0.0240849459576035 0.0218859195617928 0.0131694268926871 0.0300297230655899 0.0152582319348341
0.0130296761324043 0.0220660400438456 0.0145534465485001 0.0169376569959448 0.0395084683471201 0.0767510278074478
0.0082504624735492 0.0343054442972324 0.020459538888528 0.0156211312864439 0.0069909396640209 0.024683940506956
0.0101092391482763 0.0269670848102325 0.0504575838803241 0.025597714347136 0.0354066206937385 0.0980048994029332
0.0485214967534848 0.105997517093481 0.124655715468531 0.1174711016274412 0.070365421562557 0.0706161376587471
0.0119554435462259 0.0709766456408504 0.0537940105832023 0.0279024131302403 0.0485413887523827 0.0321940500547599
0.0067235122441494 0.0277514124014138 0.0294788582109136 0.0237151225265659 0.0371450940256319 0.0288516810150137
0.0159228337682989 0.0330527982860613 0.0148285192759884 0.0162102931175459 0.0002359443273827 0.030500373383418
0.0036732466933575 0.006343282368141 0.0256819023301673 0.0267731004569295 0.0200978731259938 0.0221474304918207
0.0119553236289754 0.0599305687865522 0.0224951323579664 0.0225780317053728 0.0125084799284709 0.0070079760964484
0.0165945846472867 0.0249720704350575 0.019551018009956 0.0172774712976515 0.0058734819871281 0.0528574744399096
0.0121626065594737 0.0198647871491997 0.0191891303835422 0.012466946424805 0.0287771131349368 0.0106605320901887
0.0143154733909802 0.04274832006618 0.0137987383251554 0.0232379626102101 0.0183750741371832 0.0356292797428452
0.0432591733508688 0.0309746344946814 0.0247256095491404 0.0295859917940893 0.0271951187398871 0.0136242114695056
0.0310338144149119 0.0328847424099294 0.0269342082740992 0.0543354924710115 0.1025736904416763 0.0800320524755221
0.0231427592973495 0.0818736597849253 0.0225468655113979 0.0434275976646449 0.0630783995108327 0.0304136308956632
0.0406589353033131 0.0493663510653901 0.0427758429856659 0.0150937404085187 0.0441697056255124 0.0104266247918888
0.0288051401827448 0.0331856925302007 0.0252364916049855 0.0216780827919886 0.0125237593355032 0.0210405024666876
0.0261768667943352 0.0545464575380072 0.0477937646987464 0.0250106586171499 0.0515982681897668 0.0464783409801818
0.0143717091639725 0.0305457046827745 0.0270539989324763 0.0116043395274628 0.0141679023234577 0.0110678277502199
0.0164582605106444 0.0123508624369344 0.0197984438861102 0.0125046343017204 0.0191448604465801 0.015354978662432
0.0353499726280674 0.0697602053108336 0.0211048297267446 0.0472004196345163 0.1026580048505788 0.058010052193254
0.0060404444307209 0.0277674335946549 0.040861812705497 0.0120352881934616 0.009336502542692 0.0063880623617815
0.0034510142601659 0.0077854461504424 0.0103498297606387 0.0056276889522669 0.0133128698874121 0.0073148230731098
0.0060593628578673 0.0268951071884812 0.0234779828661027 0.0085413158063468 0.0538145044714935 0.0310824311188478
0.0092085421827282 0.0149660706791702 0.0094567222627257 0.0090245187232523 0.0202591263191089 0.0122492827918185
0.0070384465504537 0.0217957982424798 0.0150269482324039 0.0051041896460408 0.0314248650980978 0.0151086398858689
0.0178059370617624 0.0227730857612129 0.0240704018139086 0.0080852224425471 0.0486829344762753 0.0136131935150764
0.0082456219160048 0.0190069795340596 0.0069458905742027 0.014991556728003 0.0623225696836854 0.0211033318805728
0.0125976670700062 0.0072482232981534 0.004659498800296 0.0194943035620305 0.0161324287357522 0.0107046778442051
0.0036124542789943 0.0150213401419254 0.0094901510155377 0.0073796086324736 0.0144269551218701 0.0167862044469851
0.0057533750855957 0.0251414446637503 0.0111607266442189 0.0068717166407621 0.0072262612337887 0.0308970277836089
0.0103285913594293 0.0108909237427559 0.013798266036241 0.0051228402854323 0.0116115313462759 0.0063106164395097
0.0137399673181181 0.0184576325173723 0.0133061306244331 0.0101590444315279 0.0168618875808614 0.0236728751849941
0.0097933605042955 0.0240566859615617 0.0101137622151469 0.0188370217002271 0.0384761626602991 0.0411822113283223
0.0033425337192134 0.0021635700223603 0.0262379399334332 0.0262887241096794 0.076999500249021 0.0219790881675983
0.0210979693516176 0.0161648877589193 0.012337919807346 0.009843711421097 0.0106557951497129 0.0
0.0079491431487339 0.0295522883463427 0.0111793005627094 0.00657349770741 0.0470380670819874 0.0184102300277326
0.0059002751987791 0.0231447246114243 0.0181962805386184 0.0082953051806212 0.0162410399779162 0.0228173454262289
0.0141343291130702 0.020577751488429 0.0206159362238169 0.0132365328369735 0.0308935501291038 0.041916581929664
0.0062904467544251 0.0175304853447064 0.0109666160221208 0.0152311344294489 0.0178052277887778 0.023026380654249
0.0031539382794484 0.0066949035302637 0.0215072333375148 0.0058168729171943 0.0076294736025321 0.017370987272816
0.0077143567123978 0.003690439144706 0.0188431984881058 0.0190626514108295 0.0081153250942235 0.0417199976052723
0.0035414887101446 0.0152450525304742 0.0045543648172548 0.0129426104731171 0.0274326986488083 0.0702440830928711
0.0031501774485857 0.0398305152952838 0.0207741343204745 0.0051760740798764 0.0096504302603752 0.0093956848179414
0.0048807600157268 0.020554180177079 0.0094248855505704 0.001675346783872 0.0086139653918521 0.0067769284172475
0.0196498846017468 0.0297238073581814 0.025937925856807 0.0095578342564259 0.0184615013198905 0.0199326033601555
0.002342504651758 0.0280658280571715 0.0089066248952918 0.0016789758281528 0.0048682973499918 0.02079818786972
0.0034693824305131 0.0243053983319319 0.0070270148181561 0.0020219433309351 0.026785334990725 0.0115987409073054
0.0024496333380213 0.0071170990873652 0.0019409656393949 0.0082358806251107 0.0111820484336762 0.0110539355737564
0.0032447674968104 0.0142147547675766 0.0048808609427888 0.0084983139992802 0.0858649256654932 0.0085360325126281
0.0066923532646375 0.0471677340176639 0.0106631224021163 0.0063313634665702 0.0168155883505741 0.0079675618365846
0.0073527267698659 0.020714372519058 0.0125746429663728 0.0049524644025913 0.0134910962833837 0.0151096873972449
0.0101606500830595 0.0323870447633282 0.0086521754113155 0.0246059558674234 0.0162910931893509 0.0446261695767173
0.0081553717654119 0.0184314475525913 0.0131693520344611 0.0118160918610889 0.0158371686908584 0.0156544925349071
0.0045675184329678 0.0097962736106405 0.0095303475669255 0.0057841845257813 0.0048983158068154 0.0083922751767809
0.001972879713477 0.0037601376657172 0.0120204337682806 0.0049924710134913 0.0135644842290304 0.002358972081142
0.0037533310864228 0.0155526850647588 0.0088918932092003 0.0038673574588218 0.0059851489003097 0.0239315947811383
0.0027075965241111 0.0183334382958131 0.0251486067857452 0.005723954232534 0.0176387132244581 0.0422038099549276
0.004462407484904 0.0282412784092784 0.0125909578433971 0.0088318148041937 0.0113835290697823 0.0227388258524207
0.0044981542579043 0.0177587861250105 0.0130983042228353 0.0146356107869178 0.0090102905026555 0.0175817814313621
0.0023674391694562 0.0210919952347304 0.0150677956131178 0.0102986705626993 0.0047536952956054 0.0154893485936123
0.0039189508268746 0.0318067060517113 0.0106029325953245 0.0148595294057157 0.0110502946011426 0.0164804739123329
0.0048834479387675 0.0188759917375501 0.022858079332248 0.0043024891273333 0.0206743514458888 0.0256709778946098
0.0099195818597352 0.026452918104676 0.0086933407638372 0.0077288315407803 0.0186751353302313 0.019943189816856
0.0032587482772517 0.0083802620003565 0.0346264145732407 0.0052000860639786 0.0145618130031656 0.0103107899263097
0.0043899114886401 0.0048725877649123 0.0247376010163735 0.0133656707700301 0.0065959492988833 0.0054419428408403
0.0027294831705292 0.0167114126196843 0.0052583696812192 0.0085514485590654 0.0029153905645326 0.0054708671273478
0.0045998342106725 0.020698066464959 0.027034562343776 0.007848129082846 0.0138495731695575 0.0063282571870286
0.0083797152653852 0.0362359304291344 0.0069172351709622 0.0101924241395133 0.0096506436378969 0.0063245001706931
0.007525936215015 0.0341438148451988 0.0103585185530281 0.0123151976700075 0.0190334208806242 0.012317717270194
0.0073956506774558 0.0067372285103988 0.0048481545037453 0.0120128351718212 0.0218239164975152 0.0113507525982203
0.0055567969815059 0.0134544427521374 0.0140832562634006 0.0023618197982055 0.0070681562208651 0.011666948685506
0.0064502630312428 0.0150303026040185 0.0159912970121679 0.0175678873421459 0.0234235288376542 0.0135313840090765
0.0093303684643452 0.0387672517868587 0.0182849090501347 0.013840316537692 0.0244425811728147 0.0280249967682428
0.0091834932099566 0.108614522359674 0.0287981016156648 0.0261682625144157 0.0077460133576435 0.0221274997112129
0.0171970661575459 0.0161578737403424 0.0168386065301725 0.0102461021071602 0.0117267123041039 0.0167377332402638
0.0041731988364252 0.040571960793928 0.0302061486573911 0.0223528532405411 0.0145497408260726 0.0229192221011037
0.0062489777102447 0.009009525612053 0.0349931983739241 0.013376935642009 0.0295868085732088 0.028921259441636
0.0205193834759556 0.0803730228145111 0.0286353825842291 0.0237510984263842 0.028763737333332 0.0302576869005646
