0.0331885986067404 0.0195272666891451 0.0133479226031621 0.0192564314999595 0.0230225240050481 0.0057112606568306
0.0365223596151508 0.0073966336205075 0.0086285298584924 0.0165257756712833 0.0215146513279327 0.0024780273840314
0.0130384087700057 0.0109483215318211 0.0107650254762655 0.0063581911055086 0.0011609293819819 0.0
0.0148383239275044 0.0152949704243706 0.0146983658891079 0.0122347763770683 0.0011801627124534 0.0185209416452882
0.0436276860268819 0.0207226873073762 0.0143463205132987 0.0227078556746456 0.0294275902557616 0.0659892365678073
0.021350754464747 0.0158518007738007 0.0205189827121084 0.0147141380072928 0.0386142804423795 0.0148559130442406
0.0253059738311725 0.012708890037554 0.0108539570637047 0.0107587632565927 0.0130954930613956 0.0097710185804416
0.0265233075782514 0.0029798654308202 0.0037377457458642 0.0106950035663561 0.0230783232471113 0.0141831015598058
0.0206824169630192 0.0103451812344764 0.0151952722856786 0.0162815520959884 0.0192575440286462 0.0289745764206299
0.0258483348504615 0.0214726751403358 0.0166161755311309 0.0119056670539161 0.0283263629047454 0.032928243576052
0.0191460003409196 0.0254436142275088 0.0161440720335382 0.0125993050077201 0.0088009207660178 0.0378124437231126
0.015010878632575 0.0208906803355971 0.0203505785296349 0.0239982707692318 0.018420847289015 0.0312876656634737
0.0147264893717009 0.0107667491037802 0.0063958425699218 0.007789066506218 0.015529921906334 0.0288663985980034
0.0229297834627521 0.009352347762443 0.0109735937860802 0.0094203805532765 0.0267820212448212 0.0092561328711936
0.0394359402930734 0.0214816314204766 0.0175407073237506 0.0052893370388707 0.0153768208031734 0.0191909892117642
0.035609613191481 0.0124486104699938 0.014484055016901 0.0405354677548496 0.0047466475904401 0.0127854375437526
0.1588526745375165 0.0083924668959794 0.0470163284338307 0.0813714554211839 0.0058836183507692 0.0173102844240683
0.2189216969817035 0.1142458989620214 0.0546463468022756 0.267992363123914 0.0116078219850948 0.0273948878253897
0.3861198234365165 0.2322625074752856 0.1078210009345372 0.2399799864195402 0.1987256695647751 0.253366738130711
0.4258643298239598 0.2835527595516602 0.2076141052676937 0.1597135079130079 0.1229631070168546 0.1451219270448873
0.3250474670116627 0.1118035656199314 0.0926232990477485 0.0821158272285734 0.1875850933195075 0.1363803702182387
0.3389855143220011 0.0655278633086536 0.1067839712974278 0.2188226490219471 0.1236851273669866 0.0548660994516579
0.3643587416285597 0.087653986207896 0.1407173983224109 0.1480149236278382 0.2051745190925629 0.2461425037744948
0.2644052896758336 0.17109078979952 0.2985083389410922 0.2595413157782934 0.2495383997533563 0.3458752224333263
0.3057104088536116 0.0711472765106403 0.0567869232000549 0.144958283015279 0.031482816757079 0.1468737724351918
0.2972909216011818 0.0887962007466547 0.1501072696017194 0.1647884243522181 0.0218777272372523 0.0429423079046858
0.1105517219806815 0.0435033872870816 0.0909963733794106 0.0540582202199738 0.1351294263204923 0.122955417935439
0.2134012533462441 0.088195785708744 0.098571110985713 0.094460079668271 0.0076949740067148 0.0611659483078056
0.1298725460975475 0.0287058082222152 0.040536462682379 0.0306386535913119 0.0889389290605206 0.0273356381128213
0.1418641132136558 0.0151305664100166 0.026272039360889 0.0274739903437171 0.0210312970320151 0.0140693312996171
0.1139247195016441 0.0115332674766616 0.0349904792229098 0.0087442627073006 0.015795374525892 0.0107714664231122
0.0997109570583119 0.1056231039116677 0.0401321608360502 0.0546026870517457 0.0092528046837802 0.1493264397948926
0.1073423558576054 0.0075633875710862 0.0071479674452675 0.0627347214374835 0.0657407264543871 0.0126244385596643
0.0710834839578896 0.0145702343729059 0.0087577114630753 0.0119168504309933 0.0340613355183158 0.0238622643927476
0.0658142823003712 0.0168091181429381 0.0280934692898711 0.0079946080380419 0.0552751669587403 0.0244903422392459
0.0422904617680234 0.0090939110780083 0.010120097527857 0.0090610389867394 0.0171445084205712 0.0304203892209207
0.0418621401927924 0.0323321403079175 0.0275824383144067 0.0317708337931499 0.0038808161303176 0.2016351652158628
0.0449126544472956 0.0159130592243381 0.0064260118346627 0.0047699962370315 0.0130350215221171 0.066955692545573
0.0010579702012564 0.0057941270228557 0.0040483851464935 0.0053290028183192 0.000710909098101 0.0009501230497075
0.005467962564263 0.0063361327504815 0.0036417623318595 0.005789578576869 0.0029615091328895 0.003273065007419
0.070270735359121 0.0139787677655685 0.0076564311649045 0.0103070973786307 0.0149891475358688 0.0120716292692583
0.0363137454517834 0.0093875245182705 0.0108002220679824 0.0143469746361735 0.0123997915350809 0.01559662230826
0.0329288599106157 0.0053175007234226 0.004831601431897 0.0193097883221496 0.0075526394837831 0.0077688437990665
0.0483536909103146 0.0117165463556298 0.0075251480306885 0.0078943256493126 0.0036665823063818 0.0100107304018603
0.0095580564839515 0.0086321843100434 0.0066366562726924 0.0064370446227346 0.0086727075008002 0.0065223026820034
0.0175905069205297 0.0074865025920885 0.0236364789952921 0.0127714358860414 0.0138584196860774 0.0230340960062382
0.0194238057371953 0.0068717346626423 0.0062118891794399 0.0128454507936978 0.008451078196967 0.0096721425243094
0.0444308424513124 0.0090269125357386 0.0148783184828234 0.0193340434325198 0.0189827382345001 0.0076245829779445
0.0280337710179617 0.0169511750679114 0.0132559506595319 0.0101016033634784 0.0116988859711041 0.0210484956563357
0.0303704500717987 0.0074443552990015 0.0123972721444624 0.0124006108154669 0.0049505061739863 0.040516395983103
0.0759491261496562 0.0244881668792958 0.02573677764093 0.028690109330316 0.0437950886329481 0.0405029459673887
0.0454196842528352 0.0499924884134421 0.0176701539502959 0.0292859373798358 0.0590024520915977 0.0346416026419707
0.0334765510036714 0.0055232636679992 0.0024834886653278 0.0203334282508774 0.0117494297175691 0.0359965124336318
0.0440328508409649 0.0309023260076157 0.0185193206305503 0.0263817199009287 0.0697308854646397 0.0258686780314921
0.0286176209087971 0.0072529786675308 0.0113546884990696 0.0077599852735314 0.012270013410599 0.0104670901385088
0.0653558203299163 0.0288321581262878 0.0285139051235721 0.0332564698249531 0.0056331944815561 0.0560860623029834
0.0111275074015781 0.0121894431308717 0.0054292331647631 0.0164686683067753 0.0663760757956169 0.0255431439858666
0.0383181451979555 0.0127470489343458 0.0237499959168459 0.0187023464094348 0.0091430423839951 0.0820830938316122
0.0498088703898401 0.0501518683171992 0.0350710461454706 0.0321793313360523 0.0039916985128133 0.0868392435441421
0.0399556544321252 0.0304845940582563 0.0095188971684593 0.0467704380572747 0.0086772020649429 0.131269700307572
0.0739714362506757 0.0727983638593036 0.0181094389181271 0.0154253825113507 0.0205802913328919 0.0193589561130327
0.0630106209278199 0.0165821978622553 0.0274213881699908 0.02587200689011 0.0343671846805522 0.0634567005276941
0.0486376148232898 0.0073892150251734 0.0080168856389096 0.004075594828149 0.005767426160237 0.0159779702451023
0.0347270958562128 0.0155531024731931 0.0095661217615015 0.0131981996617891 0.0080743116786742 0.0261868310068293
0.0317394874636624 0.0062161336451401 0.0056429362810589 0.0195915085057032 0.0092210528770781 0.0119270902984769
0.0073190077086238 0.0050699905569143 0.0081989198526248 0.0068790382714849 0.0102904960162516 0.0072794410765753
0.0064802716483864 0.0013723036099108 0.0068918014130742 0.0056979436002203 0.0220563935683739 0.0135511827474242
0.0412006495295607 0.0538515587661509 0.0150689525925423 0.0339795099973216 0.0070771442410566 0.0085998525747902
0.0550670174595806 0.0289096167104136 0.0193664111573043 0.0282472183643913 0.0096249186150392 0.0520912673505872
0.0351852252748974 0.0104900609393208 0.0148485462585894 0.0189245780120436 0.0092012431232981 0.0122329607547966
0.0153047553539136 0.0214893907238116 0.010614823936802 0.010098811308508 0.0112182434825957 0.0134533601846463
0.0169091331759684 0.0142127545245674 0.0087953159513856 0.0060983833373702 0.0102275717987286 0.0242077580145871
0.0127112060233563 0.0177287906847617 0.0101820578483383 0.0394271235607868 0.0200728570980143 0.0388924289105485
0.0331348926440365 0.0114413796852589 0.0052889111581213 0.0101540283395557 0.0122495062438095 0.0257455299054187
0.0383339937877231 0.0090365631712345 0.0152801089914184 0.0225939737684004 0.0162193792059371 0.0121981607052084
0.0551092541461311 0.0281641150531746 0.0222581951781831 0.0534292521512751 0.0356155948128293 0.0076183415579906
0.0677512884270085 0.0328752651144235 0.0184887493442027 0.0254469904269055 0.0528622206800928 0.0643276020139919
0.112013969092503 0.043072131605293 0.0397764992090241 0.052847394842758 0.0125139242590338 0.0406725276402555
0.0572822883231814 0.0456666527090896 0.0141632091743127 0.0033317223481111 0.0242535835041905 0.0129860320946498
0.0251504777541425 0.0077442621606627 0.0085694922013163 0.0114536029784313 0.0630468127468287 0.0132713400411295
0.0089782193338408 0.0211638393209791 0.0183173799062125 0.0324171021951057 0.0192289089922616 0.0050924316920706
0.08522058550722 0.0080427136943873 0.0389969615668649 0.0302790118043554 0.0110409509119526 0.0396306350447616
0.072202795420136 0.0151216819357618 0.0346674570807057 0.0583405484666141 0.0092993426445 0.0194667836466942
0.0161188769833191 0.015664555159745 0.0070601052889214 0.0115362104689052 0.0515457021076184 0.026492364883647
0.0491939862274952 0.0169183654666531 0.0280528499693408 0.0231097098365967 0.0108198014974377 0.0148658064430883
0.0281386075046537 0.0093966266199972 0.0083385122172351 0.0215112336535246 0.0154181226797999 0.0124732928019456
0.0441591860692593 0.0204232584334316 0.0197139362583168 0.0183107485624547 0.0050057309254947 0.0405384921037642
0.0273882995248833 0.0195446953910163 0.0128219261773425 0.0173374306208596 0.0176123570887782 0.0202551374354838
0.0361267851801036 0.0093763242936282 0.0099812044202047 0.006049093575508 0.0040914741193938 0.0079550602250813
0.0141295853527172 0.0145233189923973 0.0044087851410771 0.0150455375653146 0.0232989831802228 0.0361943000741271
0.0064759094523053 0.0087325623552841 0.0084468988970865 0.0057264128588786 0.0109379575260465 0.0155094497315832
0.0568846645237633 0.0227465196710198 0.0363590847604145 0.0135833157804767 0.0057558263497463 0.0085163218965029
0.0437208202276489 0.025951489991613 0.013105556494749 0.0157566919241232 0.0232794363546553 0.0077791332093108
0.0109008501315517 0.0180783651419939 0.0122317999733015 0.0090148997251308 0.0149828310962927 0.0202184870196032
0.0152115446552789 0.0091285802405372 0.0156772816162224 0.0139725477961481 0.009399175604964 0.0228151288115523
0.034212550537403 0.0200201553871273 0.0125144543485194 0.014547185655103 0.0165951495106866 0.0210518017926708
0.0228903298317264 0.0237001447394841 0.0131523328588732 0.017120840940619 0.0111632360554825 0.0172684107366501
0.0189928052961143 0.0199637860000203 0.0152113125020268 0.0163547773661915 0.0071409918105426 0.0108575804357191
0.0185281509163756 0.0080078135466306 0.0102176974075516 0.0104524854115823 0.0097436870485113 0.0114941431279308
0.0133709236967538 0.0070043584286644 0.0081671705296292 0.0062970067937783 0.0040164799213816 0.0032394622293002
0.013683104251641 0.0095239942041844 0.01228461254823 0.0151865543640144 0.0055324913461986 0.0029158140523595
0.030939925859625 0.0273863859085067 0.0253042330236904 0.0164789538213451 0.0385746270858077 0.0422186389834169
0.0209351499276331 0.017638525094296 0.0189525657073394 0.0116440932066806 0.0053660381301168 0.0184403936281468
0.0147408688696733 0.0116111017232904 0.0074032537704309 0.0109436674173385 0.009277227324527 0.0091130201749914
0.0193261996887035 0.0147115469006762 0.0085731128997984 0.0272612034153712 0.0121382216437013 0.0065962052148452
0.018364017559421 0.0095743402777133 0.0078725994115871 0.0286171732779921 0.0219606522666207 0.0225371713685474
0.0344566760450487 0.0198709348913592 0.016769587430154 0.0156264341026651 0.0250709352460814 0.0172727545850921
0.017788253868894 0.0132856668002516 0.0076067252754608 0.0026049449437356 0.0078853491717121 0.0256056195160373
0.0083588804083932 0.002509197704627 0.0111619944353961 0.0030020018202113 0.0021104381441731 0.0244020328141777
0.0124054136900933 0.0049475795502342 0.0098302830762568 0.0069697112097627 0.0106156625327586 0.0101423044700498
0.0557257924588286 0.0333575647328289 0.0109530049693803 0.0346690593206309 0.0160389363464776 0.0545582109836089
0.0445825042176732 0.0150731601963532 0.0107306115198057 0.0078990444536571 0.0077595451172273 0.0106998316659618
0.0267032661250229 0.0109978931457338 0.0244123379560745 0.024521031113854 0.0020333848721266 0.0262391423070524
0.077459016800646 0.0134528455759014 0.0330164597482259 0.0075534571388047 0.0048480803370489 0.006041812912607
0.0120675506928698 0.0092148676294765 0.0252916606977146 0.0380434608557415 0.0 0.0246428255896433
0.0175604265590692 0.008445139048155 0.0032471936615218 0.0132453370500795 0.0080904448086418 0.0139097903095751
0.0397821314837442 0.0063829165485754 0.0086493389175865 0.0121121991077404 0.0155141834102268 0.0033520949574798
0.0116953411601465 0.0202749338575833 0.0145473538198979 0.0051763812113279 0.0122931147846383 0.003716208336259
0.016868844439054 0.018180172923172 0.0123501151675684 0.0064267408448715 0.0063727794012907 0.0152230553507164
0.0393459118566308 0.0084874370687441 0.0311517930221707 0.0133625955512806 0.0071202086341927 0.0165747843642284
0.0272975659169004 0.0469226071729384 0.0077802133412174 0.0117547923482807 0.0220743762870008 0.0151137010018397
0.0189081236900574 0.0276557727080525 0.0136727550576347 0.0136533720009585 0.0184867740142543 0.0301312785958093
0.0133012803771271 0.0203577204383566 0.00990808959991 0.0102845847811867 0.0114219919292282 0.0330831533046916
0.0399875755807061 0.0153559537410079 0.0165902243621456 0.0125053315048382 0.0284046704276322 0.0121627828340396
