0.0380728394210146 0.0335786046257674 0.0231689862966364 0.0514351128213004 0.0572431667594101 0.1014940041395019
0.0521771231040234 0.0843749041728408 0.0329744575227313 0.0550618507867018 0.0850880181826419 0.0120309867503161
0.0347687014163997 0.050461581958604 0.0373658718032793 0.0469493054366787 0.0342970669986653 0.0097707264163696
0.0582434857342336 0.0081840126974746 0.054890740240348 0.02700926331861 0.0079984653391294 0.1439476985695906
0.0247090297327256 0.0194982830054447 0.018160671278674 0.0421347107871514 0.0277945755851939 0.0252103874294277
0.0209887947681401 0.0270502112686052 0.0354847976713811 0.0412122956155682 0.0216930046745344 0.0708697732715109
0.0303962256102575 0.0311871045765034 0.018781755693101 0.0514862882699107 0.0115030937132925 0.0463115682275303
0.0378815271738522 0.0187936276656053 0.0192134224054924 0.0239984931531138 0.0024990348760675 0.0408687249264231
0.0212199204472145 0.0241177163644164 0.0139979704714304 0.0058778332513375 0.0305167811746864 0.0083543802055062
0.0130804510896694 0.0131324736746227 0.0150868962038051 0.0442797799086299 0.0674163245459843 0.0317925253807599
0.0516681640012586 0.0076126184623637 0.0106761592601932 0.0218187023902257 0.0237525044709756 0.0381390685453077
0.027629185101114 0.0151039340384345 0.0160093248406192 0.0215110444785515 0.0154872172249726 0.0266687192138775
0.0185719954502253 0.0215548395532821 0.0302513278542611 0.0552399880679657 0.0324969114813827 0.0387759865976004
0.0492030167733092 0.0426908044139348 0.0179108683202406 0.0548363057312202 0.033039590099923 0.039834681460832
0.0246484266814512 0.022400555555515 0.0160909783359558 0.0215750549838453 0.020454381201642 0.0139868980466515
0.0222271499231294 0.0139827691834142 0.0058466095273857 0.0175714497306528 0.036375337935722 0.0103141539887051
0.0198786476473607 0.021286740477147 0.0161132250576272 0.0175460033722558 0.0032500507460142 0.0153406736348446
0.01884463585551 0.0151996763205287 0.0179504960221421 0.0151284152791965 0.0021729201188806 0.0072240988843329
0.0070332413179149 0.0074232595616761 0.0033439616766781 0.015192459841726 0.0380543609435577 0.0153782238015044
0.0367509172526855 0.0291192195297124 0.0163050822515174 0.0350159885530072 0.0508618249630979 0.0389967380154173
0.035858929285236 0.0309324645898878 0.0415688022493064 0.0714352061685915 0.0387605509288212 0.0429778561009222
0.0441224683214185 0.0317455429380637 0.0152291707327817 0.0247440497572268 0.0055002412682069 0.0156243529410173
0.0114010050215722 0.0073724754600785 0.0081681393999659 0.0226781444637333 0.0135784412849679 0.0091519076404224
0.0072741425970668 0.0064264187310747 0.0117478359824748 0.0201103220062646 0.0083243632837064 0.0117467992027233
0.0195561316660084 0.0014213546913488 0.0189110038231986 0.0075039658329011 0.0020480412088543 0.0004511562877913
0.0193263345115109 0.0090507833731732 0.0131860672479063 0.0130502735211911 0.0022957268551879 0.0047470492646292
0.0266549690731279 0.0086213539779833 0.0102090301447624 0.0283853262140431 0.033448730152697 0.0153201339988357
0.0073135126297154 0.0248486283730353 0.0102942312541259 0.022987908302311 0.084936019628723 0.0113644327197389
0.0299389382994977 0.0284382018661859 0.0155144482870271 0.0269383497678436 0.0025083258628536 0.0081326212132555
0.0145034749310112 0.0161527721589889 0.0122885169363872 0.0213784321424162 0.015088343792971 0.0104175897363813
0.0206938489589125 0.0082218141623559 0.0146176538577935 0.0301728679101686 0.0251019672762127 0.0480972022598634
0.0169686285594902 0.0239359674017693 0.0173012572696021 0.0221184586646214 0.018440988250435 0.03504219060575
0.0280995066634204 0.0428682790597342 0.0137609376096734 0.0290857600696766 0.0390622586899254 0.0232879324427025
0.0140530175669246 0.0173254431533539 0.0082058330143233 0.0263738976889199 0.0088809836937266 0.0215040448224049
0.01829711226746 0.0123057439133127 0.0144957471481972 0.0150372768113421 0.0256719921802469 0.0236044441954464
0.0182802489443427 0.01009140190379 0.0140936495371381 0.0245438382587363 0.0051556309735608 0.0489904946024075
0.0367790790959946 0.0055823193889431 0.026110080571851 0.0357729956724544 0.0482866911144521 0.0070451462847782
0.0515185810529991 0.0348946190210968 0.0525541606003323 0.0542206262409328 0.0819910086044495 0.0751792301012113
0.1211301005560564 0.0589348405378067 0.1409377263907485 0.1103179448513039 0.1681633991315149 0.1734509109701685
0.1063342573316392 0.081329395417438 0.0471081920113376 0.0636586142792835 0.0322152952285415 0.042003492032736
0.0275958485501156 0.0214731070672705 0.0202492793040958 0.058926744407823 0.0846262416045801 0.0160481701194303
0.031965673686598 0.0211873841351425 0.0129578836270561 0.0300492570487455 0.0854532904910499 0.0305862077287099
0.0321703377948839 0.0547164830981391 0.0196521527134162 0.0420172654201426 0.0341781237274994 0.0271228051160274
0.033395385929176 0.0300718276554799 0.0326727770265749 0.0155975332321896 0.0208887210867018 0.0418966020386154
0.0461495894741055 0.041620566042459 0.0325418519712153 0.0517020421116565 0.0485215239448514 0.0237447534276213
0.0394056153139829 0.0106539055163944 0.0488656767332591 0.0215339111709881 0.0130108002449861 0.0421782435463621
0.0188732892725097 0.0160793631008599 0.0062562096125552 0.0157249375075806 0.0106049486744358 0.0083578432403832
0.0190187440823363 0.0225101593849885 0.0175264860526214 0.0219858230818642 0.0171451817427243 0.0131829664458304
0.0187234798798326 0.0159797895054101 0.0153761633574583 0.020122999457712 0.0760841177608899 0.0077619685903028
0.0474517103146681 0.0070412091436661 0.0265172752034491 0.0362415449772455 0.0496278887170667 0.0369673443315697
0.0142405650866096 0.0248810768418202 0.0050167758311087 0.031597088914987 0.0148412362882058 0.0145534521935203
0.0291130801505181 0.0127672686103167 0.0175599457382056 0.0393400968058462 0.0147042232376889 0.0258833006600768
0.0211789101353675 0.0192746781418498 0.0400870385000102 0.0284152582678555 0.0539833955392256 0.0148609471826533
0.0257669628584552 0.0230949033420831 0.018021806978652 0.0270030747406314 0.0431348341100772 0.0161276183315671
0.0171867804244624 0.00659415386047 0.0045480603064432 0.0339626629254668 0.00428832842837 0.0181189704493537
0.0267494716145592 0.0158097784521467 0.0184705954533338 0.0142500083245737 0.0204567638135216 0.0219848234224241
0.0194675271065418 0.0169632624092838 0.0064394198778935 0.0178913156128103 0.006887693977431 0.0223329001156995
0.0324386024473891 0.017859718962502 0.0117177906329999 0.0060796965953884 0.0080373117867309 0.0100631376700726
0.0328756544203228 0.0199096948353141 0.037039162083481 0.0144249368359826 0.0696007744987416 0.0210966627053442
0.0201720662277457 0.0175795654946217 0.0422422065896528 0.0286531546453314 0.0231795109365392 0.0224495542595446
0.0237507516905593 0.0138550954574536 0.0241819639822352 0.0141659690041223 0.0101066921305558 0.0068756473979686
0.0396726465797764 0.0287650878773642 0.0229932755560179 0.0275420071743263 0.0185126439714137 0.0138157396568032
0.0867083721918482 0.0949984852474206 0.0542801791185476 0.0964388047293481 0.0884441426428229 0.0916242272316057
0.2557214830319522 0.2318475533073485 0.2429750931878139 0.2732568498222884 0.233314748138551 0.2913449168106155
0.312694967024742 0.3574601813701366 0.2826776316178971 0.3467707909157707 0.2405959479336948 0.2430920500630531
0.260942002224771 0.2644943898745235 0.3128697498963694 0.268764728897763 0.2559129014005132 0.3582706395985459
0.3552166941304226 0.3457892739528231 0.2093865561478498 0.330676972825597 0.1493300679682783 0.3035780522472983
0.1859995788032559 0.2050203638833612 0.1365788808421907 0.2116176084620421 0.2625467203693646 0.3001612001414001
0.2010430049589216 0.2108666811238425 0.1753274000638949 0.1841720294362356 0.177076957700581 0.1615303382882932
0.2331722806977554 0.3406137190310503 0.2527503380322107 0.239821968870536 0.2711027058229429 0.3354199926440056
0.2284042512543747 0.3197182249755044 0.2276416252606904 0.2490431781737488 0.1848487071863892 0.2332129599659271
0.1826074863459705 0.1678564433057696 0.1471860971399053 0.1575561299796821 0.1625921387693547 0.1538745343354741
0.2020750883011985 0.1530367209837401 0.1497887063045977 0.1508533274547022 0.1802188199032869 0.2152343828689082
0.1225903327415676 0.0583868489429486 0.0996663487144126 0.1546738115093891 0.08839745555149 0.0448041537424385
0.1193981737258125 0.1361606576947748 0.0737620904194358 0.0900466093370104 0.1443761539555484 0.0943486195653081
0.1118552881408164 0.0753864091696105 0.0692986448519146 0.0942363592448202 0.0945358174417464 0.1233930465589212
0.1431210262285228 0.1195809817838667 0.118405174097309 0.1025030600027869 0.0991495547316298 0.1518991799791388
0.090121762225222 0.1205644803864421 0.0636664912996715 0.0826792694561427 0.0788636682118945 0.1058927901400123
0.0932801045756507 0.0457467718377503 0.0598051416634751 0.0836316601852603 0.0756477697544987 0.1215361132167107
0.1113378854355211 0.0490782449032297 0.0930277225567441 0.1155439949006572 0.1422985680413348 0.1741386965687313
0.1995771106713949 0.0858135506135488 0.1011974887814249 0.1015054858552221 0.030091300806584 0.1020612904301336
0.100397014187697 0.1165296289284975 0.058508477522745 0.0867352104616056 0.1451662459482084 0.047963135280619
0.0708766473664818 0.0747357764224833 0.0625760587923122 0.0960561906927294 0.0530203166940676 0.0922861120612933
0.0964084402475315 0.0498448623683543 0.022860023801376 0.0511020744928975 0.064206542913721 0.0451796080253046
0.0848353787726201 0.0755535429278929 0.0518247535623581 0.0697938573992077 0.0411580484739129 0.0918681755299961
0.0700084611203805 0.069517625525771 0.0937264451631834 0.0734007918865797 0.0630605321198743 0.0970540916150261
0.0617199701954575 0.0838370279683787 0.0636499321135877 0.0645380886242413 0.0296140525358085 0.0857171430439966
0.0986125825317217 0.1007369432510176 0.1295769575483062 0.0853765072294693 0.0627886264318632 0.0667482990044526
0.0630140401264034 0.0637227044690457 0.0313765703507156 0.0634394879140905 0.0513285414995357 0.0352127804122377
0.029024600410433 0.0515834428899612 0.0141799751122624 0.0255812020522406 0.0136667731306441 0.0070338610796571
0.0302441323983348 0.0548241009114166 0.036477867350215 0.0238377161734711 0.0423339412834908 0.0675865131245292
0.0165845166445437 0.0407537871648041 0.0193402578448992 0.0191183329128645 0.041197805785278 0.0113021543260147
0.0293467578305391 0.021688193230964 0.0228493053148769 0.0238353406233266 0.0126239797362061 0.0598838892436194
0.0324769707489036 0.0411395700251176 0.0102847655876206 0.0172798004180082 0.0053023238754787 0.0019504476863841
0.0342124534764098 0.0392159810011831 0.0499634623754941 0.0393396604508111 0.0174194139510064 0.0306058867525136
0.0433849557186409 0.0430184230157504 0.0196646279310448 0.0143484803735256 0.0396451157296357 0.0833530255449907
0.0467119552853124 0.0648464705914751 0.0192040103853312 0.0318849707847411 0.0745530912735233 0.056996774054828
0.0841775115281994 0.0447787325640661 0.0441383761911437 0.0579876735236487 0.0305279234411978 0.1141302020747479
0.0354752815999278 0.0340453602524571 0.0186084515221028 0.0243640187262147 0.0222973924437977 0.0369731373143373
0.0231216897931667 0.0169622348442964 0.0143589378569119 0.0127127793261874 0.0193934927261717 0.0332907456450492
0.0165778958527043 0.0333187929782463 0.0126076760434078 0.0201694091790124 0.0378019173931422 0.0322799651583186
0.0135043181809298 0.0612103764524762 0.0514559700125425 0.018004581052699 0.0130892330072209 0.0686794532326409
0.0203937113921557 0.0553017371957314 0.0145309706446523 0.0492616295224981 0.0273092876329561 0.0571867305981828
0.0126792936889478 0.0661631114984765 0.031084943311092 0.0243279475964768 0.025089599927255 0.0832636446594851
0.0296269555773829 0.0467300245555376 0.0493622230094503 0.0675637966621733 0.0504900251743383 0.0800607172184842
0.0219402833379507 0.0281466968156958 0.0085839321165929 0.0124780948135651 0.0286380935121627 0.0051452576283772
0.029867797505521 0.0519932751506148 0.0174796446722122 0.0329479071790011 0.0419171515819851 0.0861114552400404
0.0109425930878286 0.0477209919495118 0.0266763149674628 0.0451006130333931 0.0355636616126114 0.0505333352166757
0.051524437282531 0.0493925084805877 0.0766347705105599 0.0454462638079193 0.0494164195637634 0.0304053320884939
0.0451989616248788 0.0631733655945865 0.0383701711408584 0.0509666379308805 0.0610358467098548 0.1114738312751884
0.0322188974769815 0.0522206849846233 0.0086955223925797 0.0276382589679209 0.0379130553601569 0.0680909711634266
0.0568313669321686 0.0355724528520652 0.0582097416788353 0.0606059119819832 0.0178398035766305 0.115095112466073
0.0530574120321395 0.0441602234120089 0.03357071123232 0.0358810808472492 0.0627886586991038 0.059094798421861
0.0299056715888465 0.0457591792991636 0.0392285986402258 0.0417818573527721 0.0471581616081988 0.0752864705407532
0.0620525927041624 0.0367945283737508 0.022942392334043 0.0371732635583577 0.1451447009701336 0.0440207614187685
0.0471202678205885 0.0468264436765403 0.0343354133494916 0.0438854397934862 0.0344022609928808 0.0084298368046537
0.0546668294466313 0.0393444252747341 0.0278050043792901 0.0332288721074211 0.0231697949421681 0.0738046690391173
0.0322861418835148 0.067611786988326 0.0186372463593083 0.0195423911729861 0.0545431684768719 0.0317383328490024
0.0351101069470492 0.0303594343661654 0.0180692142443945 0.0399364775850184 0.0222315388363104 0.0380292849880592
0.0242427781813038 0.049687204036774 0.0228053583091033 0.0225369123777852 0.0194364503091326 0.0528912421363587
0.0240174918280642 0.0259643932369002 0.0234507570297124 0.0170327892600672 0.0325924003083569 0.0153856956813702
0.0558470717000591 0.0419318263093052 0.0170072176934643 0.0626949103714712 0.0545444683376854 0.0804097585943841
0.0293058931629813 0.0244201654854883 0.0378750988681824 0.0347285232470408 0.0134094203655076 0.0770541694313134
0.0458122107366373 0.0645651812229888 0.0371956625877038 0.0311805612672564 0.0463826770842668 0.0377935899048965
