0.1027508269926986 0.1245618160856553 0.0898505488640331 0.1061668503189216 0.1266821391761966 0.0928134493194383
0.090626361668526 0.0409061266537152 0.060256801015224 0.0849639680234641 0.1502211634407034 0.0887221741926413
0.0908565830550889 0.0427570653616547 0.0672765103154714 0.0702957467504234 0.0879267856076804 0.0634801730754489
0.0963317788017139 0.0903263224393096 0.0849032141006877 0.1661908483929742 0.2558543667507134 0.0836575580830386
0.0848284722738169 0.1029025314934266 0.0535086338312076 0.1298842769319039 0.1790660798653642 0.1549277974567926
0.1773616118536457 0.1064207524359346 0.1311223946820007 0.118788151172952 0.255859476230273 0.1199129492781161
0.0938695684198596 0.1059766475254694 0.0965644428704126 0.1713683192510222 0.2391017889115041 0.0533490405719476
0.1653834792692305 0.1437444324386881 0.132018658977395 0.19131267187324 0.2182515252390826 0.188350081438858
0.1672012788862559 0.1036729551378993 0.101408838726201 0.1402962060028917 0.1215632453497188 0.1028052322618018
0.0930337085221551 0.0395812226567865 0.097193387678161 0.1155268321648936 0.1745742355562859 0.0728803258794246
0.096223729904482 0.1689839880537823 0.0332586369450893 0.0895034498259691 0.0711100538041254 0.0650000286362601
0.0877100821890616 0.0820305236873077 0.0939776097695457 0.1281707988701632 0.1622292029909872 0.1390720110417688
0.0923952462359185 0.072980727133272 0.1184745966377847 0.1235483645856327 0.1829833453676234 0.0729580490012685
0.1640511190786271 0.1062283389394692 0.1858278069288506 0.1752073729014124 0.2693275694026021 0.1367074071912227
0.1714996029893914 0.1425431445166253 0.1646166711556241 0.1720899122443026 0.2564879511672314 0.1670774287886357
0.0707970461526375 0.0794970120507579 0.1034429936532755 0.1087056519957565 0.0674299337126002 0.0455621410954146
0.0337707398964614 0.0584297459045924 0.0663849419583085 0.111050039929555 0.092151025541999 0.06436800796363
0.0496422649312645 0.1074195722191045 0.0449797122801214 0.1138782323603995 0.3410150935205273 0.0210646517246021
0.0416770731271904 0.0290467490782395 0.0693199384976689 0.0817184133706537 0.1569910506007304 0.0209870851004402
0.0594330318927803 0.0478413833411512 0.0939810857458168 0.1519685297727762 0.1044280302212603 0.1049375991811995
0.0829157294544522 0.0610488778552689 0.1176357495749898 0.1636854302755207 0.124489510907261 0.0989544353879986
0.0942466523678137 0.0762749689488507 0.0463487254146255 0.1151882281545602 0.2574834919546974 0.1170919228575483
0.0586583091053482 0.0538354153555457 0.0641631454889625 0.0943102021985579 0.0884319666896337 0.0597049431550678
0.0392444415929588 0.056212834564053 0.0430313441284175 0.0346108836242904 0.086826238903092 0.0256159396073958
0.0699379579166204 0.0692058786757312 0.0359482522832776 0.0796020297755591 0.1970656600743812 0.0414475079264682
0.048097835393203 0.031840741465275 0.054363551188793 0.0610844758006048 0.1698004689813986 0.0476062216354259
0.0654349405374585 0.0235145152370139 0.0503274686719626 0.095391397728037 0.1225906889532169 0.0800415659638437
0.080611395290129 0.0938293589878712 0.0943226047802442 0.1178557798648423 0.2482816088862311 0.1144887917085031
0.1121195627237804 0.0774459591422747 0.0712773146978868 0.1297797057341555 0.1561694349356709 0.0614724024992704
0.1201850220951979 0.059667180883602 0.0754351807616099 0.073804597440064 0.1844133375625404 0.0167766639943658
0.0445645223676402 0.0548376311602419 0.0538546538331295 0.0696039890221026 0.0563687659098519 0.0101519269082967
0.0553624732204018 0.0607517185454385 0.0803442376688429 0.0997053519091947 0.0695376255603417 0.036197193475471
0.0422780493458908 0.0513264134799105 0.086618494519902 0.1069072283592648 0.0611782901653371 0.0375500690535593
0.0975294327591926 0.0463873053348179 0.091362026913971 0.1204713345682047 0.379743957721789 0.0567779038214055
0.1077644028180405 0.0614453354888154 0.0783704998807034 0.0867042599341213 0.1505573591403133 0.0556642818088735
0.1015726055974769 0.0995135010130316 0.1563396352103243 0.1565802513813071 0.1551300900730984 0.0674751395668041
0.0388300689578225 0.0611404581066124 0.122087139401198 0.0883764090068229 0.2237285327523786 0.0931588686538777
0.0483985445783239 0.0400066238793674 0.0346383185282669 0.0613953462532965 0.0363464650749424 0.0262321651128927
0.0108527639731666 0.015943529489826 0.0142180152186463 0.0671181334189914 0.0302355128493263 0.019051184924755
0.0596672217458333 0.0094101935792097 0.0219130268283523 0.0425375262381241 0.0388840692319807 0.0410444970104625
0.0783502412611642 0.041446639653209 0.0517063090541676 0.1127731392509736 0.1741681434543207 0.0365811226021305
0.1121900545172737 0.0722017407917994 0.1336193856370668 0.1047027500285038 0.1075657706054586 0.1097715931955464
0.0576595265932984 0.0379930179331177 0.0971789531122426 0.121552219381233 0.2205539221434413 0.0460366954109392
0.061357736669061 0.0334325196940391 0.0507500145160146 0.0658407619471922 0.150818124261498 0.011261250670558
0.0096623245352178 0.042412935902027 0.0358439338499175 0.0478792726989981 0.0774415189678091 0.000836808944065
0.077878586157216 0.017609092097142 0.0260406633518324 0.0857367063109208 0.1546313716760786 0.021321956848206
0.0406103277689379 0.0504254684794381 0.037729634396289 0.0698531281482816 0.1997821849183491 0.0317637331110797
0.0847220254551436 0.0536083580747638 0.0294757294628881 0.0752808097778736 0.1605909449846108 0.0162498067738784
0.0609530213910592 0.0476816728340099 0.0306403595477485 0.0436948411947054 0.079601725556112 0.0399325702407513
0.0386020128499243 0.0159839189986214 0.0526654686431739 0.0486735360477628 0.1393699443660511 0.0335943968113377
0.1202490035922013 0.0521256683364556 0.0598965048228793 0.0791044061699242 0.100153549214452 0.087379246749434
0.0567246422872938 0.0369752419335238 0.0494885352828429 0.0712210944590791 0.0963840386719066 0.0173669420638843
0.0616842879607351 0.0141568896693364 0.0738790542350365 0.0486668387772418 0.1684432541175515 0.0358083925854105
0.1064714052878815 0.0776389944892556 0.0368664499955559 0.1129601038477187 0.1342971523879758 0.0814862295384263
0.1700266853863869 0.1062247954625034 0.1355357843945649 0.124462376209358 0.2351771180863484 0.0948564149273912
0.0896571382870206 0.059321160942119 0.0386746233746479 0.0844986757496075 0.1506180548503455 0.0552597444015274
0.0728830601215655 0.0557122893709377 0.0243916680014863 0.057031269996896 0.0679433910362099 0.0405746077597869
0.0365658183737808 0.0402567574061643 0.0660359076095332 0.057944140844465 0.1002985980074064 0.0289488227323891
0.071866192650941 0.0479467375809079 0.0526563059829961 0.0641080737413549 0.0480880729229006 0.0121791212110084
0.0952257692247471 0.1144351554261583 0.1209601813005273 0.1319666915242384 0.1072591092335892 0.0314496506252891
0.053031318855927 0.0317780253622662 0.0646367413218504 0.0660619721456844 0.0971472224028222 0.0593806022441028
0.0406284313948362 0.0354062744170261 0.0876427085304523 0.0490467356683646 0.0774973249926399 0.0164865749934334
0.0689313557224793 0.0450255234421154 0.0901850315181128 0.0634335947461992 0.0915856299704807 0.0168208223934117
0.0314845874738459 0.042733129062255 0.0710922956329217 0.0409032786808858 0.080368447232318 0.022618981428929
0.0275538678429037 0.0215225729151117 0.0265664416993771 0.0392687578989497 0.0936291358283023 0.0080885175580332
0.0498577980557716 0.0163745182090238 0.0378378613943206 0.0660981559528857 0.1211687658558266 0.0414990422200918
0.0272224809496696 0.0129842868407055 0.0184148242430581 0.048767772266082 0.1326634728877218 0.0944630456042378
0.0513297563732332 0.0269140269431138 0.0638937099209852 0.0654313794310639 0.0528683402876736 0.0104888883323649
0.0515893069473304 0.0434196771921808 0.0709537022631377 0.0803005536119329 0.160095764960342 0.0632315665292328
0.0631301418272499 0.0421011115708699 0.0765786907246912 0.0761697755426013 0.1078138988653165 0.0189867607485469
0.0507214042796283 0.0280930618350559 0.1026624085019216 0.0409128675067574 0.1140628906046115 0.019131682588586
0.0510494745678178 0.0233630428031317 0.0388738741194285 0.0273703858501794 0.1237394490594685 0.0149554478927734
0.0272139681176709 0.0207127694389061 0.0279241758295243 0.0395302920132547 0.0102417317404616 0.0090714849574484
0.0529923168732289 0.0258296855318664 0.0731992606231638 0.0508595670196237 0.0649859468187245 0.0161309212797502
0.0358244470649627 0.0244201093170395 0.0511306983664978 0.0699331046260102 0.0642997478419834 0.0293722433889849
0.0760279701636518 0.0611807607895883 0.0436453210990327 0.0909106443825774 0.083113176330564 0.0307155104362718
0.052514803168386 0.0647508816609256 0.0642699273078412 0.0908344543953631 0.1261128716649532 0.0077836400614368
0.0376039005144924 0.0288867402886297 0.0553919026117139 0.1032041411553976 0.1360400151264551 0.0641733994618318
0.0829506394316974 0.0467962540310584 0.0392149805858443 0.039064256857869 0.1372300373744142 0.0364506720231468
0.0846812426803041 0.0297493634409588 0.0171561737244817 0.062940834948717 0.1134257016435525 0.0401739764392192
0.0480227742157538 0.0617525914508274 0.0232492089020067 0.0498199083071586 0.2424654324470407 0.0
0.0495011928474788 0.0446773463189488 0.0552862912535148 0.0302575566979122 0.082155574416685 0.025427336030823
0.0650582859591788 0.0274178002405717 0.0657965816464797 0.0823986804581114 0.1088998098009803 0.0273492350319041
0.052531463035933 0.0533068475274857 0.0829583758183607 0.0606321836697774 0.1416944024827942 0.0778040775464857
0.0649268266298784 0.0414542881046803 0.0703515272144817 0.0499747800776844 0.1390559095640541 0.041418424101656
0.0485481811550452 0.034586370371061 0.0784649767581268 0.0563734074636915 0.1577491322537416 0.0197583806452479
0.0591242016110011 0.0587780583325899 0.0545921844181986 0.0332743925354467 0.1593408859536658 0.0208675312427727
0.0659623421977888 0.0759556835113596 0.0441077901233162 0.0554548671223305 0.1063149225040714 0.0522261672707198
0.0401355752836391 0.040059250177781 0.0461565926702894 0.0329718962493784 0.0658027040439435 0.028004491798508
0.0588568002401427 0.0555729377854796 0.0498973283752834 0.0732838002808291 0.1023118336791287 0.0567336766072
0.0944717303898059 0.0850367808001717 0.0753467171835758 0.0742900752438377 0.1761280281193544 0.1148005416637003
0.0728465472685232 0.0572048574659174 0.1009768814433716 0.0735711545844113 0.0952486345625816 0.0417182340835365
0.0730157045152857 0.0507087467422182 0.0594532737133845 0.0735455105589644 0.1410445914554291 0.0382895664886473
0.02994492566937 0.0247185201560868 0.1072833777217321 0.0362615792325594 0.0289237609259578 0.0177357014662657
0.0568934851119519 0.0291914258888434 0.0225972226170373 0.0383688238668527 0.2220190459175521 0.0114541987164277
0.0582912833479193 0.0496972939217697 0.0911193330118347 0.0855973582938161 0.0622046964696945 0.0571986515080924
0.0559391918989869 0.08335771681621 0.128924657110153 0.086907970228311 0.0877678375798378 0.0758652459691614
0.0854539355451769 0.0669993559247901 0.0804812826247273 0.059134320012122 0.0709232017149933 0.0244886911395189
0.0805213071181062 0.0466696662638128 0.1018768553141874 0.0991234795921706 0.0568243474781701 0.0501469032081344
0.029038263610142 0.0397668801342622 0.0288608976825159 0.0349322273938009 0.0385648570868449 0.036522134444891
0.0863264455611167 0.1000530258295445 0.0485123374585736 0.0944264202141276 0.1372895463887496 0.1030086492784787
0.0506953469383799 0.0476061341977746 0.0441800530975596 0.1164189880235602 0.0383801748898583 0.0583168716995027
0.0676984387982539 0.0393684203357009 0.0548010907549372 0.0724534209391797 0.0379647836890775 0.0401621302738405
0.0896515669704057 0.0752751462581059 0.0526003187562169 0.1286663510518066 0.1506124328937744 0.0448726214041955
0.0937558528916342 0.0765549389303601 0.0838569475700683 0.1319644731216806 0.1096759668498248 0.0328268895618105
0.1203402387021609 0.0911649997343538 0.112873249132932 0.1183266465742657 0.1042307817449731 0.0792243076605006
0.0594199784061157 0.0469521314891143 0.0359025359780115 0.1261167115466853 0.1790265441965866 0.0265195614268395
0.0277980629610547 0.0128709400538214 0.0387981456404341 0.1253499786035258 0.1125686731685893 0.0193363445635461
0.0446877506746732 0.0411152417442043 0.0618045339992863 0.1150716177018585 0.1182863852058975 0.0644742445096529
0.047845869770713 0.0531368547065337 0.077463710773992 0.1300914544682983 0.0634050538359647 0.0085703020730331
0.0474408898593793 0.0309713392923721 0.104213966466656 0.1503393606196926 0.0936269792191143 0.0251150901131326
0.0452391257262169 0.0896010178921154 0.0832352314350523 0.1192057544766482 0.1164511512509462 0.02242586260529
0.0894034273076568 0.065154867146371 0.1089484965255605 0.1897373479200843 0.1633865071749423 0.0729587532672325
0.0862484695037136 0.104147331157946 0.0630136474740639 0.0865056775724353 0.1663462375595714 0.0465894405022604
0.0891842713646146 0.0617618781514298 0.0454539238957098 0.0771845852296749 0.1630326121718847 0.0619014937419939
0.048398682014286 0.0369837068774048 0.041887429896148 0.1155181508275285 0.0511615091773595 0.0779032941800353
0.0493430053878022 0.0482276584610246 0.0534947872777949 0.1078637788928632 0.0798690779399904 0.0526998587306305
0.0791709306189548 0.0609638330320628 0.0411565768511251 0.1938705155264206 0.1738232049890028 0.0250692693820162
0.1391802047364495 0.0730988485757609 0.0860997053926347 0.1925046633010428 0.2184500859818183 0.1222666499439481
0.2160987532598216 0.1582771307400497 0.2540694844989496 0.3302544711659116 0.4154740190429541 0.1962775946238509
0.1410916963922347 0.1293414070840784 0.1473099460914975 0.1635670917823123 0.1951726464946228 0.1748552511973165
0.1068556758920467 0.0751811126438794 0.0810439339505177 0.1311961539256848 0.2941146823583306 0.1471524661285025
0.1368668482193266 0.0449314181531347 0.1246916086228945 0.1617550641450846 0.1145388808079975 0.0540763666500692
0.069819643720573 0.0488142065808689 0.0491556775463566 0.1453569858767888 0.0837646955167021 0.031646357412501
