0.019735103392473 0.0753649685869257 0.0390947753703679 0.0636740807386653 0.0193614477093456 0.0347157498195392
0.0130392281084361 0.0609020943032931 0.0302240723993475 0.0778448622927622 0.014993731356521 0.0123777609634955
0.0388415382690076 0.066372102549432 0.0330388103569207 0.0676889027470942 0.0175331460774159 0.0
0.0281232239823381 0.0660509763491731 0.0401934050317489 0.046867413321425 0.0114009162429417 0.0229329323640608
0.0191249012093787 0.0844370186892223 0.0408203541877818 0.0642878715175203 0.0532724225094711 0.0751788933884215
0.0211516185783579 0.0835301053296955 0.0352722572385334 0.032905688175582 0.0308260754069389 0.0244575015739709
0.0311850274246504 0.0597697048693693 0.0536067452648887 0.0366684695361221 0.0123436464406441 0.0244916311291153
0.0293115653343836 0.03616756467617 0.0440176335561967 0.0464056464843122 0.0578137953443195 0.0599152207723746
0.0320059606832578 0.0730450941184473 0.0318032069520877 0.051783696051558 0.0162684919483964 0.0307521432479243
0.0303877804589918 0.0418420824173729 0.0311199604374012 0.0285941486905319 0.0308098996254241 0.0230307623961442
0.0225179972039372 0.0502301566998937 0.0109740286359882 0.0307225663766061 0.005943997682376 0.0558400492816567
0.035625089350066 0.0790758503144059 0.0536375123717675 0.0371938028658497 0.0603421603262895 0.0614916500651219
0.0255347285734764 0.0578018965777089 0.0527359356534044 0.0385183190949297 0.0551336801551075 0.0146498323854953
0.0363760828811484 0.0542920562782505 0.0541752323506881 0.0250520616108131 0.0152586988555198 0.0286099227422527
0.01673451929713 0.0323436926574519 0.0287288189297772 0.0331703938910461 0.0205866036014348 0.0206075327385907
0.0236332472831915 0.0194532557171204 0.0376790590340415 0.0218869339145776 0.0373573173416857 0.0193310592833116
0.0185224680181573 0.0566598778185872 0.0354741849099913 0.0493602592556553 0.0399745249762385 0.0558182598892248
0.028635166699242 0.0193842287188807 0.0588065666903355 0.0220425825931391 0.0433805802672796 0.0538743086202125
0.0167789337047695 0.0168615245559444 0.0343391786825091 0.0301844426693208 0.0150018956494059 0.0087497684945458
0.0156021320072413 0.0385497767526365 0.043163828828305 0.0210000102501589 0.0381373662526753 0.0501175577965832
0.0182660497833593 0.0217827990305268 0.0460040792421004 0.0195052964754513 0.0241877842697945 0.0183680314997436
0.0302125550345999 0.1495127040429583 0.0634546252979987 0.0583343336891332 0.0589230894037499 0.041372393758555
0.0168632170743855 0.1056328754195571 0.0528674842748906 0.0712917034877976 0.0090528198963516 0.0327685089505502
0.0373552288696999 0.1129266464648931 0.0664264780311861 0.0629763429380573 0.148325084248742 0.0405775378129686
0.0332530423243713 0.0736716666125316 0.0194427819052077 0.0140296322319576 0.0500453938650411 0.0362904601774064
0.0473059561997173 0.1007378921936874 0.0400758236586583 0.0137447044831982 0.029552447170593 0.0415672444941955
0.0174550985282139 0.0652088762307265 0.0258605358972998 0.0191518131666544 0.0180493981692284 0.0242698050823958
0.0207171753898652 0.0255132541200974 0.0333289203104227 0.046292636956505 0.0594765592541484 0.0386760232768793
0.0152187952716343 0.0952493858381937 0.0363101134180737 0.0293675148894639 0.0327509578861277 0.0504556130292831
0.0263568935882231 0.0409467243627984 0.050366424170359 0.0498708468442931 0.0527556781221451 0.0366415482608499
0.0299547937565547 0.0279323013982225 0.0755609224067489 0.0342603189962572 0.0264519377929004 0.0280788629711177
0.0199395572331623 0.0559209208609149 0.040106695674441 0.0254112925143186 0.0221816437547727 0.0373318185695699
0.0354543247980079 0.0425661739954853 0.0279294114314247 0.0304978905646009 0.0091267998878088 0.0445204236933916
0.0217844710627232 0.0424751997630006 0.0419872526003265 0.0314416091579362 0.0223538844052432 0.0913852128052636
0.0167632771240225 0.0324706794956721 0.0399013093117323 0.0352969202985684 0.0226830673000522 0.0322888928543401
0.0102817360550141 0.0367016039384633 0.0239077451864943 0.0190570780996679 0.0152640620394976 0.0212130109108797
0.0131207439265742 0.0354877370478762 0.0445342361604714 0.0243690376321247 0.0385748195580578 0.0539519131989551
0.017464237129375 0.0333552229546371 0.0346041224841594 0.0289077716617746 0.0210683161878237 0.0269130080574581
0.0136460632392374 0.006590407938776 0.019297668087095 0.0221882829663406 0.0336497690131883 0.0119564781308772
0.0097001391819579 0.0200284549396431 0.0177561131498797 0.0145788359956484 0.0492803936494183 0.0371415424570472
0.0302318427802647 0.0301513568033965 0.0273506308210013 0.0150942667993486 0.0115701853255209 0.0381232490249865
0.0137154502252059 0.0196726306896299 0.0195301434395195 0.0401326125909438 0.0190103603287326 0.0261785644083377
0.0243890366778588 0.0306548166537745 0.0177399553379621 0.0284012229402553 0.0237695784176525 0.0142538745279763
0.0143350256984746 0.0223132546139253 0.0202286233835928 0.0236213794137446 0.0721493368547738 0.0335938913079973
0.020261092741025 0.0400668123900059 0.0036955256982938 0.0181488122024377 0.0396271060515663 0.0166038998065359
0.0314075962687388 0.0356355895661863 0.0081771155729056 0.0162514913436147 0.0675444681810378 0.0254544593658557
0.0277035852892175 0.0419672916213189 0.0657833912260297 0.0189635851496666 0.041944220507027 0.0721478627309565
0.0243001664320951 0.0485581309587603 0.035439854417992 0.0280497448455575 0.0240148679834632 0.0636096681923556
0.0292507181282181 0.0144590006119435 0.0217684494849033 0.0077179392213442 0.0131032301246689 0.0310755878296409
0.0245193116955704 0.0298425369442425 0.0160250678296293 0.0258224121342711 0.1047974741777067 0.0397648888069773
0.00964764350046 0.1440444603960244 0.0449521830257243 0.0492476363868064 0.1062017002919308 0.1085860995704419
0.0189031003506174 0.152949178525539 0.1174320159015224 0.0538998433461941 0.0472434870195029 0.0454911908140139
0.0528677663057703 0.04718724377684 0.027460358002869 0.0403289154850733 0.0360195596389444 0.0770261042187353
0.0183610714059066 0.1508943252553951 0.0415485826416961 0.0409374050136778 0.0742312418952434 0.1677609365037054
0.0264636139147824 0.111948170275919 0.0714965088267241 0.0137624636844205 0.070222305360028 0.0227888657124281
0.0153042842673998 0.0691995434996769 0.0804682600059977 0.0313206102159736 0.0384324539867082 0.0560689932178678
0.0139531446785575 0.0599310121554569 0.0490692879969891 0.0260494584251791 0.0613085858683421 0.0390176784704009
0.0216902789120702 0.0203678137418977 0.027108966362784 0.0382385957393516 0.0115134316719966 0.0233983135742614
0.025159621318779 0.0138153745035367 0.0566762672929455 0.0226114518682273 0.0202883154197613 0.0146949572253813
0.01100305096168 0.019239035330416 0.031988314311704 0.0209370932081228 0.0890193152398363 0.1129765793593007
0.0116653376175619 0.0337874112284668 0.0300821524184465 0.0150521157034939 0.0591965837158385 0.0997262233367623
0.0185692186917802 0.0624944534734466 0.0299057411383812 0.0246897174605731 0.0775293404260617 0.0080711441406139
0.0098715139739544 0.0330695717709607 0.0259588918685484 0.0088137867820951 0.0065745632037009 0.1141852820234941
0.0061131118789192 0.0234200219772948 0.0203446845440353 0.0077828095160452 0.0113213783083937 0.0227306419066663
0.0139104192569086 0.0139485567243489 0.0063122118276524 0.011882300470906 0.0170052648130063 0.0168415782593422
0.0124792644973646 0.0093998834816476 0.0173336186502743 0.0176237969255886 0.0627102856249328 0.0653666572690639
0.0485137432785124 0.0393781556209902 0.0786323554152802 0.0227172737330368 0.053594543663522 0.0405265007584757
0.010810468107779 0.0260918712460995 0.0181153347602437 0.0122402875473669 0.034301389964688 0.0181305346736795
0.0099434650655946 0.0588096183960409 0.0476961039178092 0.0071886226705672 0.0352524163780082 0.0198797446581206
0.0326366427097687 0.0494368499011813 0.0306616581926091 0.024368855586891 0.0582701529885361 0.0147915662279675
0.0264204711570542 0.0857341442695206 0.0697589918930542 0.0510704296448926 0.1184241970911845 0.0567959005070326
0.0194285960360044 0.1058585829975394 0.0629544253970955 0.0126353327628089 0.0425795788250279 0.0593989791525323
0.0686306028250636 0.0783642573988181 0.0780986373758968 0.0503742774469246 0.1275373891892769 0.1313786280158015
0.0220782909497118 0.0663691402108982 0.0992108670240793 0.0703791513433422 0.0862024782484924 0.0632688039959681
0.0645285232992902 0.124056326100309 0.0741301508080589 0.0733070345940287 0.1307090195526677 0.1165997054214472
0.0248430073153106 0.0434410228031612 0.0558471788755684 0.0411113818309644 0.0432566751650863 0.0343267333263069
0.0234980225022296 0.0460890571993217 0.0908629522171945 0.0265099129095266 0.0776453522254186 0.0582597106645809
0.036356659683837 0.0468440772066062 0.0564577751054701 0.063079386479433 0.0692130414342827 0.0449525790755399
0.0202642176854555 0.0545853846632868 0.0824688179509471 0.0329981007936674 0.0432657754800778 0.024034331768047
0.0379889469196494 0.0972166619357643 0.0192200161526735 0.0585955546040255 0.0960844527000637 0.0798642643031695
0.0246854179338612 0.0269990717676045 0.0647579787364318 0.0298019869543 0.0124674182429094 0.0563133828861318
0.0242522834895937 0.0252277396064109 0.0434345429079403 0.0356539936545718 0.0489150718668825 0.0376379034211769
0.0776296013194116 0.2241142574778642 0.114567538257771 0.0549904768312037 0.1258938377057608 0.2310132041677404
0.0447452287465249 0.1595225022768047 0.1138273005949748 0.0870107864803373 0.0716561255848372 0.0245866692031527
0.0655365251236767 0.157223976024218 0.1650370207673162 0.0543383196410927 0.0609483549991841 0.0567239433410328
0.0275508560795543 0.0997047456436664 0.1377635821554446 0.0374620241985845 0.0199502584704147 0.0480692006246263
0.0242179345318004 0.1070397682573677 0.074617247593878 0.0594664133899404 0.0279581067219934 0.0245937108313394
0.0327035802554466 0.0392495048054431 0.180371622831044 0.0443328786083345 0.0964528365377575 0.0265327364357678
0.0302941515690037 0.0668973361644225 0.0475993053706805 0.0164227646552023 0.0079776575102552 0.0224517873449943
0.0185567641401306 0.0281714080010623 0.038043456356601 0.0224222121446618 0.0779637704551082 0.036139740188291
0.018448766832027 0.0484133111826153 0.027572510138513 0.0246204829754858 0.0212596750058951 0.0155167100610961
0.0040678449588668 0.0301638171263694 0.0103377548524306 0.0114224854694517 0.0418744936853219 0.0084801252655679
0.0218670990923825 0.0325229447161774 0.0647815941770083 0.0145051278825304 0.0233987154484567 0.0892881462732544
0.0106744851739196 0.0324823798332751 0.0167563629191029 0.0262032399872749 0.0366556549790404 0.0219654689775299
0.0088406159351113 0.0291330052376058 0.0285646974195296 0.0111219489335602 0.0217639104678312 0.0350709399725067
0.0159591517159392 0.0431808817603675 0.0488836415929798 0.0110846139852115 0.0423826355684026 0.0460018603553751
0.0108875837235117 0.0701308043607555 0.0425838287167206 0.0211566789340773 0.0390951369158154 0.1124634074501363
0.0219271665918835 0.0312313591051924 0.0523397576469387 0.0121830267920122 0.035307906354689 0.0153827280571162
0.0320160803913352 0.0748428464094761 0.0362954680613029 0.0369992619364275 0.0359569352367509 0.0275899248186542
0.004189394849146 0.0072981572351406 0.0064252268258368 0.0066235661767899 0.0047228261495026 0.0148787897816135
0.0041317366962935 0.0129951927526926 0.0126356986508529 0.0100292337070466 0.0082577592325197 0.011052944216143
0.0097860079381517 0.019413066116128 0.0220266140021871 0.0105084476413206 0.0206760422523691 0.0342257970426904
0.0102933607784851 0.0097832435970288 0.0373771769010546 0.0143230475199891 0.0195910598352892 0.0326674270988545
0.010780234388916 0.0443963552764464 0.0229398145446746 0.0332060166553749 0.0217765359381285 0.0274081299228975
0.0115445677500899 0.0366339052544866 0.0280157720299982 0.0433681828957335 0.0129187123095152 0.041280118501155
0.0128947751083159 0.0262846724315372 0.0405448946549055 0.0222926784497495 0.1307737143622042 0.0322444201338573
0.0200979343373504 0.0656719005145832 0.050499737778558 0.0238575222639143 0.047188766699326 0.0603659144862824
0.0037575418868558 0.0165325494847623 0.0310423758314331 0.0273103063830535 0.0208312749643461 0.019692929842836
0.0131376056086204 0.0476336557574295 0.027126701095676 0.0268395340593278 0.0099638190391857 0.0247369158397949
0.0165531784796698 0.01788057245139 0.0338485453870158 0.0136479435971561 0.0317621117228821 0.014663976281543
0.0116369296686253 0.0736996186261397 0.0336957341910057 0.0428312327726645 0.0233132115003675 0.0163489473886281
0.0102291499478542 0.0790262115879903 0.0362000458427801 0.0203858651793766 0.1111464836863192 0.0405111748041359
0.0216310288997256 0.0544471226028549 0.0484738001359347 0.0275117018098438 0.0401316539626415 0.0393105732116454
0.0104722576742868 0.0339462360504798 0.0560976275780798 0.0157378232514797 0.0466810965556419 0.0457714765356498
0.0142516703257705 0.1066815472521659 0.0542071590315608 0.026371932923077 0.043251322408075 0.0302890609102577
0.0067317347713577 0.0831134184006832 0.016746336659736 0.0292559969238953 0.0124189309836703 0.0051939486545052
0.0098455561674652 0.0338740112957559 0.036826251207293 0.0121421602587804 0.0634232149457168 0.0181519295914992
0.0143764077184774 0.0230990951059481 0.045257499032263 0.0147931298613827 0.0357735073001089 0.0234604834524543
0.0156658991666801 0.0431605335736886 0.0399669183420149 0.0212303381498336 0.0393099261825456 0.0573196465630088
0.0108545296730816 0.0363450105286472 0.0299169215413034 0.0258412743769609 0.0154912692494033 0.0162184775901861
0.0147661794818892 0.0355395385274524 0.0460528433145596 0.0264223486747663 0.0134417217190954 0.0210651421328886
0.0119375387171829 0.0575858901723397 0.0563920191771531 0.0382373096515243 0.0119237365083318 0.0134189812406618
0.0145458030168916 0.0174397692384838 0.0151343004693092 0.0263614485023601 0.0526695191743578 0.0254967803997994
0.0070458693980933 0.0560798399507942 0.0311997546980853 0.0168568049578443 0.0177170557334068 0.0414796558010036
