0.1389603568827782 0.0486776742937615 0.0716283707193243 0.1055767516022157 0.0890054610908184 0.0276163331902122
0.0857062924310457 0.0205952585835702 0.0661633209645267 0.0609818934511426 0.161956358662308 0.1941645585685128
0.1317807818552076 0.0666718561626936 0.0589486110072051 0.0576524796264409 0.1768140181572929 0.1562121273140234
0.0482215904492164 0.0108794445049002 0.0746223061718089 0.0630600361838847 0.0341802902174351 0.0677167938735525
0.0792505752005248 0.0753173201505232 0.0499931875709301 0.03861806469213 0.0781335103637786 0.0938453763690723
0.0703991688667499 0.030377126857633 0.0728029420235282 0.0617053828104726 0.0966552918930528 0.0488725284545598
0.1503372460297068 0.0771095859497912 0.0645508957367599 0.0778208090777439 0.1202554943319648 0.1777593272548218
0.0877169428900039 0.0967298077609716 0.0418593226563649 0.0478892176076505 0.0433910866211592 0.0702705778210607
0.0506359724691709 0.0407248625517139 0.0244473173612197 0.0359005657856174 0.053562247232884 0.0550635106512167
0.0088557624441806 0.053079995017694 0.0237877956325378 0.0280285592336369 0.0241520055660654 0.0473441903867584
0.0659090366002366 0.0320722210494648 0.115086862383119 0.0479752467520946 0.0450559555487967 0.0345389590704479
0.0727569624559279 0.0499145536492738 0.0337551691005467 0.0454924333494404 0.0235951475211312 0.0296572012197583
0.0658877896759052 0.0493185192738452 0.0521205984894279 0.0484655323574226 0.1221110162037562 0.0952676839243985
0.1233048593244231 0.1742601147231303 0.0502964239281495 0.168178104936587 0.1629580630117056 0.2416126869990146
0.1510231698930279 0.1057352063666445 0.1049125590894298 0.0997069931886945 0.198299740982052 0.2303921933877105
0.1916676326824224 0.2044673084026775 0.1177013880675031 0.1957231728758508 0.168504401105849 0.2218989289845808
0.1127362418084131 0.1349527253849228 0.1451451399699279 0.0633216651632818 0.045593426045153 0.2210654619533375
0.0478022750827212 0.0514404523983389 0.0731351135829988 0.0655801722277617 0.0588238136614122 0.0227821441686244
0.0871973103239535 0.06309807797137 0.0157902466124153 0.0195922080940725 0.064429876545914 0.0425326529063873
0.0187954603224616 0.0312003439443366 0.0218181268157952 0.0186143211276755 0.0630356777206172 0.0498849472939312
0.0598724788776185 0.0382710414430018 0.0111123885171772 0.0291972161338355 0.0273813063430837 0.0380599134057804
0.0360143553573018 0.0154927584981466 0.0257719983900587 0.0326114194642061 0.0215451419988296 0.0367554717383734
0.0601851854092934 0.0408251102737984 0.0303369995464498 0.0211063845078948 0.0344397415453269 0.073131959363874
0.0656163841994634 0.0696618336888024 0.0811840758681366 0.0740487735714484 0.070729497747365 0.0760722598222468
0.0688826742555574 0.0178632540437042 0.0830001021934545 0.0910840808928225 0.0950737863526442 0.0762334211294318
0.0162848171221576 0.0407435193948398 0.0633093323844738 0.0572547087914546 0.105882162607062 0.0403325335489614
0.0346360205249814 0.0426790505461461 0.0339358910909627 0.0375946752427609 0.077004090832269 0.0640658456102016
0.0468613664869263 0.0339755519799529 0.0270036533452911 0.0307980934206957 0.027028937670083 0.0846945077852333
0.1045334515580239 0.0215401107764127 0.0515554542091228 0.042353775723752 0.0757468151929498 0.0793379022851083
0.1169659001186402 0.0798249027769605 0.0751845613581602 0.0601525922860789 0.0466370411814146 0.1980974022754642
0.0539965907593331 0.0657629587182252 0.0843056374778738 0.126937576557218 0.1406295525000133 0.1671741494586587
0.1421119635356821 0.1543983488085127 0.1571473643799557 0.1303343291430587 0.2689827234391174 0.1719042430089017
0.137398266139993 0.1272880018614087 0.141259315122263 0.1579101749359761 0.1933538209855545 0.1732605806369232
0.0541289794413356 0.0705420185740015 0.0538706002611367 0.0786006006244361 0.0374825709428114 0.0791112434315563
0.0703291548745148 0.0618181845246402 0.0241782767345589 0.0471180060733262 0.0446585020268915 0.0494156605794062
0.0640832713578747 0.0250593685617035 0.013712577134428 0.0297657171397856 0.0321531213437253 0.0390857112656079
0.126794114162484 0.0690537354610281 0.083918897038491 0.1228447780918729 0.1132122418563598 0.0660908737185907
0.0215594651162849 0.0619098761248658 0.0539355185051666 0.0390622189526664 0.0337988810996043 0.0203183386410611
0.0066712680689199 0.0147247963031139 0.0258193961654594 0.0081501169763587 0.0106386436291547 0.0089341140543408
0.0082478323812467 0.0190018000172117 0.0103384777875252 0.0080934499769527 0.0078156970835474 0.0225158587654262
0.0497704354821394 0.0364038479871799 0.0299720127230601 0.0332982226864444 0.0396965763885705 0.0788334960586158
0.0094916519967439 0.0302128402933645 0.0473578425890833 0.0354324183468623 0.0277074120409247 0.0241727220490368
0.0603344156133 0.0335990721710187 0.0381200800332167 0.0416937623795148 0.0572491529431412 0.0626042780725582
0.0587990140059063 0.0512537051461877 0.0427944408945084 0.0475982926251711 0.0217095386382966 0.1458910099046613
0.0398699917627092 0.034871370791018 0.0171356631145742 0.0267259297161211 0.0364246166841421 0.0497495825808366
0.0362971735609548 0.1282648646209966 0.0472147461668204 0.0240801162873754 0.0067951860562626 0.0610494188483115
0.0323845181493039 0.0352035939721615 0.0086190158433345 0.0266409356467572 0.0452870056001623 0.0128481743708196
0.0239735159399961 0.0447354966979977 0.0416310691181639 0.053584989047 0.0630890655784282 0.074777406779719
0.0561945876415889 0.0363424523362734 0.0165156376938104 0.0263293027652646 0.0341733473536927 0.0312156491977458
0.0392724687321901 0.0376781551694916 0.050053449430157 0.0293644243026136 0.008652070258068 0.0574073476758034
0.0551785027026306 0.0318949767165284 0.062557528339118 0.0250302074145942 0.0948182700929525 0.069562243477694
0.0489315572069283 0.0434860127751792 0.0169520092448167 0.0324423977715998 0.0139430819730938 0.1499306516661018
0.0558544716144911 0.0531622135128542 0.0660586763320876 0.0409826245778192 0.02696699180575 0.0568905622555309
0.0440753970561981 0.0248654146909132 0.0694717925781677 0.0412617364687566 0.0337470854094342 0.0336872419673372
0.0552212689567957 0.0194551604985848 0.032420785753311 0.0239867156558758 0.0508507174032778 0.0183196978379813
0.0515199850164191 0.0286511749889981 0.0449129076881272 0.0130344618915477 0.0214945326065088 0.0794845060123851
0.0880789649258235 0.0848237816386412 0.1169071597857885 0.0694977460418285 0.2094073093571323 0.0920877270335651
0.1032070323147994 0.0864718258523122 0.0933456728543891 0.0516881159263622 0.1308188487372052 0.1003720457280969
0.0439540454126456 0.0478954930980278 0.0299539397166219 0.0302179441325009 0.0931483002838556 0.0661609520708599
0.0371854853157761 0.0442941705651211 0.0580255999403816 0.0393450222759959 0.0509630177293276 0.0788639975861571
0.0785566188390896 0.0854674434983198 0.0440061913317255 0.0453418555324581 0.0907733674972775 0.100183521254385
0.0432402623237142 0.0817123759244336 0.0365397974303184 0.031052825052505 0.0341069264971078 0.0941111546717967
0.0518619957434866 0.0198384489803658 0.0319244372500073 0.0361965826495561 0.0450388777620463 0.0507790836695368
0.0333490021053083 0.0285760765753107 0.0314886961956348 0.0217682279808855 0.0650303228076231 0.0640670957792653
0.0335983246610984 0.027249496236468 0.0157689765426092 0.027825277585336 0.0236942452167376 0.0408610610052609
0.0129647827945569 0.0195233373995132 0.030832151971009 0.0150196489815665 0.022313404411041 0.0210728741513873
0.0098813776629021 0.0049682487678049 0.0143177649630391 0.0298787039699571 0.0267414731152683 0.0103736406808763
0.016927933213896 0.0238683299405531 0.0175198003636195 0.0286040092299384 0.0584542832794703 0.0589647964768231
0.0264248023816568 0.0221379413654904 0.0278473334143202 0.0135089023518599 0.0225315031124497 0.0363926803009184
0.0366231338434059 0.0365484238450822 0.0277395017665436 0.0237172374469313 0.017982465107629 0.0385944838473667
0.0544224465890242 0.0309899987670295 0.0382560351932255 0.033723898014352 0.0108816564503858 0.0291851617859885
0.0421113035691705 0.0182413099626806 0.0284386630280128 0.0203515700635383 0.0323781412427316 0.0721254026354264
0.0418779311551898 0.0465236185902396 0.0757753463977482 0.0627418726522236 0.1288050732480175 0.1168978325343225
0.0955296851138694 0.1326083481898434 0.0807429135706606 0.0808679408376354 0.1281163797813463 0.1458355069256756
0.0727172501417656 0.0405682524309224 0.0476574661483337 0.0269075672918247 0.0401327977186577 0.0301463032437274
0.0285940242460414 0.0188755799985319 0.0077317892708243 0.0271088235708016 0.0109245930375922 0.02196891647523
0.0241170811414098 0.0206954023667591 0.0391984968670328 0.0344036739489882 0.0366165702436001 0.0532753209615847
0.0675660469285369 0.0158613973388514 0.0312013180587618 0.0393151433276245 0.0202821472470851 0.0518762577118622
0.0516555248578957 0.0464787390189015 0.0509359866441588 0.0233025635405185 0.0272560812117255 0.0342419125173816
0.08631382573276 0.0271454439466825 0.0618351984004165 0.0166181688589263 0.0691369476218744 0.0606525901968711
0.0308157793738156 0.0241802380294536 0.0217541355826346 0.010251296486179 0.0158210461255142 0.0
0.053035355029957 0.0356467334203625 0.0289321088564901 0.0909488024169159 0.0357335092607915 0.0435845227512221
0.0440135153832262 0.0369879633088575 0.0452412505066543 0.0390052974420176 0.0654248245809121 0.0535479103126743
0.0356187519629717 0.0149978120053611 0.0108118103792033 0.0186830242607032 0.0384032191207789 0.0548839268508437
0.1180768518223064 0.0633335180433225 0.0976630020651315 0.149326450410423 0.10186924796429 0.2146742785556456
0.0900124325736347 0.0412148615228817 0.0483609651258091 0.0652111983054357 0.0298191328160104 0.0264124125724517
0.1095244046415814 0.0494695285008982 0.0562270454045246 0.0789881476582919 0.0550313617877137 0.0795392643987376
0.0554966739556313 0.0168207053375221 0.0631558882585212 0.0298768834243457 0.03865561341192 0.0107462247479428
0.0396778483752112 0.0087728837363301 0.0157145677896451 0.0179415135111426 0.0185416086321585 0.0239760510232914
0.0130550967881706 0.008352569676619 0.0197718199088382 0.0130151992999043 0.0172664664537884 0.0281116497527005
0.0296118608816012 0.0194200204734519 0.0238925043024606 0.0264946414098643 0.0568164641631075 0.0265057677861421
0.0390324729942092 0.0342855232232404 0.0296489103685088 0.0209243298959897 0.0172530614808864 0.0406162655180051
0.0889699913387151 0.0386980229603254 0.0325125649600388 0.0415643516593902 0.055042519904833 0.1300425822771548
0.0289163692199496 0.0665602031683727 0.0166842918533658 0.029737316777182 0.0230967967661268 0.017742796498168
0.0082070805420166 0.0248494423942884 0.0205537142033833 0.0118189206978481 0.0577554225012562 0.0008848187975322
0.0321658220278813 0.0133398088762159 0.0259667044794487 0.0144898888499975 0.0127750066298703 0.0498939295889709
0.0369532087147895 0.0120066204130729 0.026729429686609 0.0236271016938863 0.0171258501235397 0.055360243130927
0.0212631735609972 0.0228193449592539 0.0282898677738818 0.0151431456547653 0.0421025585694697 0.0828051433539846
0.0210169896813606 0.0227633192821409 0.0156845172424078 0.0286202995298772 0.0212498710783622 0.0389165125702051
0.0357276048921292 0.0330090071582135 0.0363468022532895 0.0299124440733873 0.0362818056192395 0.0422569970259589
0.0187872936318571 0.0346642107876235 0.0213950754039054 0.0214046300366778 0.0461704193846487 0.0176239988285662
0.026331195284226 0.0292499024374913 0.0313192668736452 0.0480925770946046 0.0065994719694449 0.0126428235594632
0.0359221367328279 0.034390666558217 0.0267414874048402 0.0444982105437427 0.0359078507713683 0.0452926012727744
0.048389960428728 0.0331312567091148 0.0542792895460467 0.0258976622222519 0.0374947781560059 0.08537482211579
0.030058532682889 0.0352292227072832 0.0644321695077279 0.0464184030420753 0.0446596984031197 0.1296165871725847
0.048530049575547 0.034215913703913 0.0339856427672037 0.0730488849911935 0.0442371405734415 0.0403245870330161
0.0425164909699318 0.04922525161086 0.0432590341862238 0.0501170598497614 0.0584770205121121 0.0655640278692968
0.0272622196630331 0.0603373855001403 0.0736132500593587 0.0555214699203971 0.1397325869957537 0.1156693676673797
0.0502367497242411 0.0339021134288119 0.054711913958349 0.0286751110706757 0.0532469772659634 0.0371210641385577
0.0523075836321287 0.0389907023659671 0.0496048210965345 0.0327828410779025 0.0491415015987026 0.0803322808424659
0.0654869972192769 0.0356575242545524 0.0202166336794098 0.0456890700755044 0.0516122502002985 0.0832870233608819
0.0318675300458199 0.0270808162360094 0.0246266693127976 0.0463703583325037 0.0185151078449214 0.0456133384050848
0.0425281337590948 0.0200181016918393 0.0506965517726422 0.0242630406088641 0.0118141589879673 0.0380516613566158
0.0350233854814704 0.0207762742141146 0.0381084112122012 0.0406817668979591 0.0153281643405092 0.0607249191880272
0.0864336508862309 0.0130582281776454 0.1186004096926881 0.0559671763710772 0.205573159743067 0.1693017035768692
0.0756509375418387 0.1154512489778157 0.097408961059586 0.0784650338222628 0.0729622891609723 0.1916514825999662
0.1465015203352856 0.0799843030441191 0.0904874222579988 0.0740912730778658 0.0847754798686257 0.257289459655291
0.1771299386604292 0.0807899903237735 0.0999740323677823 0.0920988486410198 0.1038687133804788 0.1008464360706736
0.0741705525870856 0.0533002734158148 0.0353193342401323 0.0659218525603268 0.068230248196355 0.0324686233246536
0.0498521118178716 0.0592579668949523 0.0543590819622132 0.0451927491305852 0.0227833658327494 0.1214412733756775
0.0728722263446056 0.0134943229507546 0.0383247322294503 0.0547650721450887 0.0573517477086517 0.0488016539401647
0.0613160664039032 0.0327699741577824 0.0415537553524924 0.0603516977362298 0.035883178396072 0.0496416659731283
0.0331979574485048 0.0068179126207149 0.0939389884663971 0.0503944687447115 0.0360981815715379 0.066920574317821
0.0609278910063659 0.0247731788571991 0.0458960784046646 0.0475399201020951 0.0241416882863599 0.1054956144608956
