0.1102827982509844 0.0614334141639211 0.0648157261651994 0.0840343935820737 0.0963023505484433 0.0451675156209647
0.1412148562038362 0.058223211909789 0.0710801837468833 0.1510094425743857 0.0863339875724837 0.0940091265977024
0.1843068369994078 0.140357612984309 0.0842802932391168 0.1758615042514955 0.2772164580903872 0.1520062689804489
0.1750892144924389 0.1596205556112142 0.0800061905626426 0.1232032741953347 0.1545107467543846 0.2173990330331835
0.1310550013445147 0.0553253399170139 0.0488283827309439 0.1518447750458071 0.0259498088769347 0.0320546134488744
0.0941635275288488 0.0908416862339868 0.053070135985075 0.1879726396793725 0.0902549607942328 0.1131228967203555
0.0811819806698618 0.0597619857823368 0.0512725801799839 0.0637057831641548 0.0298311975167384 0.0253625550877241
0.0848674434252479 0.0467870828391266 0.0513499485801434 0.065404922414032 0.036604936803158 0.0501756527020588
0.088842787480976 0.0674953022452396 0.030775029544854 0.0417698435094763 0.0185743431858024 0.0143831613102199
0.0362093295563739 0.1153709050216957 0.0340266292370695 0.0515996922438358 0.0408925771864055 0.0168911159794219
0.0830957912129051 0.1826394184199644 0.0535833177101575 0.1587297555930069 0.2115278341003202 0.0924257639798275
0.1270746199205241 0.049103018250066 0.0635947768254336 0.0821097466262064 0.0460982028281783 0.1253928365839844
0.0997533142513154 0.0600495268538188 0.0625096380766385 0.0912145800818191 0.0316214019089212 0.0588188456378737
0.0759892649843983 0.0455498742066567 0.035940417454957 0.122416130180539 0.0357628091693953 0.0446596328371565
0.0831846451515889 0.0429675902030751 0.0461929731526199 0.1247733654775969 0.0505457550387337 0.0304149942920829
0.0716801545656679 0.0560500600087425 0.0613686420334771 0.1021007236405402 0.0643908646440161 0.0773352800481132
0.1190642991768066 0.1180137466577019 0.0215764539862267 0.0985271723941179 0.0565438449298197 0.0666104262160554
0.1208386721442713 0.1307090671762253 0.0927269348288946 0.1102161840481196 0.0738510442972979 0.0924781851666518
0.0617185774976365 0.032145497615753 0.0655900667146029 0.0944201616766017 0.0851709500959108 0.0283702999059172
0.0551977081385308 0.0529433216876099 0.0556841751876276 0.0827048545505562 0.0323090267847921 0.0443686326976433
0.059906651201334 0.0500918699100901 0.043382940511863 0.0533507132367606 0.0505394622925174 0.0184149044053295
0.0504071528996158 0.0347648204078632 0.026472611132358 0.0377255711225396 0.020557974719356 0.0226550903689423
0.0902167696223926 0.0370602915453149 0.0547569005733446 0.069758513325589 0.0973422441612889 0.0312802925081067
0.0651013296256309 0.0557430517589003 0.027353896114436 0.0354764171497956 0.0034851461945566 0.0064689444917512
0.0364424580521484 0.1693023333666672 0.0339545495172551 0.0576488960777077 0.057863183491716 0.0147420438690168
0.0276364634965891 0.082851328769377 0.0251925686198329 0.0597573081636947 0.021960528066182 0.0306641609564813
0.0608813780385068 0.0540059517161473 0.0373525441655912 0.0496938150863517 0.0724586790267291 0.0321597976416749
0.1075553658374212 0.0587491332552703 0.0478636652674395 0.0781566179652703 0.0239173591135684 0.0373070999493383
0.0677811749773408 0.0905118192446098 0.0253973237833253 0.0801508985759178 0.0474416195668623 0.0198972294415004
0.0754014313923445 0.0702751635383437 0.0481192929435922 0.0822482561685322 0.0356919747670891 0.0798122170347596
0.093791048655106 0.1416193178504372 0.057573875570276 0.0913446143283115 0.1280447163724485 0.1280398703462137
0.0876017166733789 0.0589479519368733 0.0340310137640055 0.0874023627380133 0.0477668522391892 0.0336824988583015
0.06536876521168 0.0794936129005079 0.0352053411998917 0.0764331784138017 0.0880457509943763 0.0290539948589993
0.0610355387797985 0.0516833715282038 0.0352331945003932 0.0982082878321543 0.0127646679294739 0.0168190760808881
0.0606880279645132 0.0423664051536005 0.0373783031120099 0.038884562781025 0.0355659764607407 0.0412317405618968
0.0732262741255046 0.0425957388009235 0.0220890125417747 0.0466859657681282 0.0260273771268579 0.0205098691326851
0.0556545982827809 0.0463047619401249 0.0122076672128991 0.0953723549180435 0.0227056829913181 0.0204946533675065
0.0730925880585469 0.0690438291410423 0.0371866714441933 0.0409125369305256 0.0255065212445174 0.0340020202733549
0.044994951909458 0.0817582911795096 0.0201859892518247 0.0385516147781237 0.0530836130245216 0.043645252228625
0.0227152418988078 0.0478519873788123 0.0117304458525095 0.0489534760134048 0.0275016080827792 0.0224336887142212
0.0459535623109785 0.0561820239407539 0.0182844033950866 0.0726648831801339 0.058615227818981 0.0344339807899937
0.0603211405930931 0.0429251944701879 0.0198897696144657 0.0933115905611146 0.0669069639792095 0.0262080285401143
0.0666021122701849 0.0316264234976936 0.0312439537265516 0.0680143964107938 0.0163245485602692 0.0349899051917326
0.0925581210686634 0.0289417866608406 0.0506367343533703 0.0554508531665733 0.0206866139415169 0.0133132646646465
0.0607935877632269 0.1493567280348207 0.0565674509124216 0.044842820401994 0.0404506304591938 0.0764500194170798
0.1158168805306842 0.1323596592067868 0.0343040908743909 0.1565250359459476 0.0396404879841793 0.0155792377831388
0.040348822306277 0.076387076964804 0.0522182387950208 0.069508797979937 0.0297460939351032 0.0218800209848653
0.075681315031488 0.063886956940307 0.0486775821891077 0.0685749806388966 0.0421154991093725 0.0192127112844929
0.0567771701404892 0.0654368886562156 0.0254883479224551 0.0785456668463172 0.0403338787085008 0.0375098952117556
0.07592726059538 0.0487892740129454 0.0555653170914168 0.0815854940207002 0.0168794933576125 0.0168469603578648
0.0777261810772719 0.0551387134794751 0.0558165897903644 0.0790654342358534 0.026853890577274 0.034334733425048
0.1277574996098721 0.1348671063032706 0.0927572839476346 0.0844400419576811 0.0480871465587097 0.0438935097467183
0.0616603326483434 0.1518271696252866 0.0881691937304125 0.0944626789017346 0.1539064751470792 0.0146320406531747
0.0565800027929923 0.0773830274127864 0.0225591339506157 0.0535925925082879 0.0141510167545989 0.024748168983772
0.0850895527639509 0.0483834964763403 0.0794258382836462 0.1128933111070988 0.0612399390091776 0.0561691186486846
0.0921081536821924 0.0839650137822331 0.0702666511293824 0.0941667737434305 0.0996156527875476 0.0695808850807256
0.1229323795261526 0.055646499450401 0.0604505142807646 0.0964588657337535 0.0334581628056972 0.0912892915305322
0.0747040730402147 0.0578870848055712 0.0523028426975296 0.0886624125562475 0.0471317067399961 0.0452106310743817
0.0513412458207404 0.0903054069269811 0.0557002804836105 0.0682996630682489 0.0983124367401686 0.0115503892615097
0.1032573389242897 0.0777298488198814 0.0322860079007461 0.0416992669855523 0.0326679728494242 0.0109378584004976
0.0487001567281091 0.0461732395337127 0.054361045319806 0.0840707851458302 0.0398464018655105 0.0651461809447502
0.0544399162008521 0.0490673367821758 0.069308535170561 0.0695310357236436 0.0261067788024784 0.0276086391260972
0.0471318392043704 0.0470371649110777 0.0546561256216795 0.0445162556589307 0.0336197341363803 0.026923723644881
0.0320199889332578 0.0583537697101573 0.0471375869495683 0.0325613561093916 0.0240777448162451 0.0064042614610831
0.0643333397579352 0.0497338544014423 0.0421995647114565 0.0499150036906634 0.0472302984571394 0.0355969715509612
0.0544314980547475 0.137389702752246 0.047841923241841 0.0956820233484565 0.0430280184946097 0.0276217927160953
0.0348381667066672 0.0692074044345651 0.0342654808093071 0.0399228528643849 0.0345361707899209 0.06388971154531
0.0446298517509053 0.0417901260805187 0.0529522938415548 0.0388445457238345 0.0174574330554385 0.037282403868809
0.0481489880087699 0.0545711351369917 0.0434598505497339 0.0609589543950116 0.0134230946012484 0.0297953330674114
0.0383389738173621 0.0317915282877578 0.0383632571730197 0.0506363217871949 0.0181125641711546 0.0184278668076461
0.0537502073935469 0.0481931340939477 0.0286538502836081 0.0477375842571322 0.0197496845618826 0.0159210709791784
0.0820503329172822 0.0851404858136969 0.0398885416474488 0.1089105796257433 0.1028563177688079 0.0107999557032812
0.083667348585849 0.1759497299402927 0.0515678548853292 0.0899203592919 0.0169598709308726 0.0096656667399457
0.0668994166782238 0.1435403573050566 0.0564948832515798 0.0874766017806565 0.0784818674774534 0.015581123387931
0.0520291308026136 0.0806798169323897 0.0302191520380679 0.0641517204200001 0.0630643647763379 0.0320319126169252
0.0780427936140572 0.0734064080888085 0.0535422932099345 0.0886743393736461 0.0566792917594797 0.0422795495517756
0.1875399171491297 0.1505913784803035 0.1240000527172605 0.1709684455122954 0.0679320652402258 0.1030194657434606
0.1593912310233314 0.0953580650277149 0.0766794286302098 0.1723307139060913 0.0495013251933632 0.0595302709986356
0.1457493642143455 0.1584677955754468 0.1005697028424297 0.2022332536210447 0.0504604381337512 0.0750877531418577
0.0721926186977073 0.2600690538295335 0.0847259525258228 0.1608481267416301 0.0446686001471203 0.0133352167520915
0.1346759623010759 0.1903428134820859 0.0910783097987036 0.1814694174217237 0.0988053341585848 0.0004901472709787
0.0702855816038345 0.1492360106898033 0.0464517082732424 0.051969569290379 0.1315396312080657 0.0485708614153135
0.0840584068516531 0.0714860081266719 0.0295516092455316 0.090489064678356 0.0421434017860818 0.0547787645054726
0.0526419401758307 0.0626462090829327 0.0340724336868259 0.0955980089134427 0.1071928315283718 0.014732091014969
0.0709558296911566 0.0446762941097735 0.0279400922249806 0.0990962811522145 0.0698708680389766 0.045735473530091
0.0849873945829154 0.0973134169532803 0.02146716909749 0.0654688345984797 0.0034184322826076 0.0193189206680506
0.1011318033322118 0.0931359054145301 0.0625006172340446 0.1255520631649452 0.0146795767548862 0.0550863474503021
0.0555336489731964 0.1067089009883879 0.0113321224012761 0.0536526746348255 0.0861253707673388 0.0849167775655259
0.0339509457183864 0.0652831166197965 0.0334002165969105 0.0452304943742957 0.0278655548304172 0.0212030067124044
0.0674202678612775 0.0575876793789118 0.0328242273045454 0.0710339220334111 0.0380263902172497 0.070030535733929
0.0879358565999107 0.0576931337798604 0.0725998000166982 0.0615560970918764 0.0568942144341269 0.0538096127946725
0.0662148888080823 0.1067203203463889 0.045963076470413 0.0622863847942744 0.0908717748179364 0.0427969332627052
0.0979389006255077 0.1440707771542974 0.0524765970588319 0.1373673181572533 0.1021063314892458 0.0673654278641331
0.1272043829679437 0.1706308564969882 0.1008296104335285 0.1334451627206965 0.1421578263064284 0.1287557006561967
0.13607656102708 0.1786045794300886 0.0719779703309515 0.1165093925370629 0.0961843419758853 0.1349741688592274
0.1561318127291625 0.0932006603979573 0.0870527791356148 0.1275937597787164 0.0630157054995411 0.1167382323217941
0.1831324724281952 0.0940731662976853 0.09871655698547 0.1388857514149602 0.1237325871366127 0.1038038129913375
0.1253444315237684 0.1065846269909894 0.0864596945607531 0.1367217632437074 0.1793411981262254 0.1243030269522335
0.0828374019757008 0.0708287397199127 0.0463545111864485 0.1087302653135936 0.0556725076817613 0.0700887981230282
0.0251160556426063 0.0295812424892049 0.02290999850535 0.0204324803638684 0.0108949896853753 0.029074230091636
0.0992952153457622 0.0587732996922171 0.0481655167500801 0.0830492118139551 0.0488666934832245 0.0245185449735832
0.056068325579695 0.1009629042873337 0.0449136327920596 0.0667948657179395 0.0715805818650545 0.01127385401089
0.0417231890231185 0.0569828069812155 0.0302439299665614 0.0521820614444872 0.012480633241968 0.0206520112597131
0.062482967977193 0.0748979411743524 0.0255563301311464 0.0589077790716244 0.0424747283767319 0.0226431459537206
0.0736921691069064 0.0698580440971518 0.0458695873109875 0.0727943038934241 0.0363474243843975 0.0217607783667209
0.0973274763896079 0.1237530020887036 0.0652607255992097 0.1084644290111477 0.0449258152508921 0.0370722109767879
0.1294741867822501 0.1183625711977129 0.0554954339384552 0.1239293136415008 0.0196889906673438 0.0207686341797748
0.1376885811144831 0.2085031294549932 0.0577197424084441 0.1413670898331667 0.1385124693878573 0.1220785883016781
0.2427923745711751 0.2709314802175654 0.0886684372686282 0.220638145551725 0.129223083609241 0.0355393560395403
0.2069124969927104 0.2493454421285345 0.0750258599042704 0.16690758582927 0.0445344024909318 0.0901128749694173
0.097748316994113 0.1404763703436228 0.0525709408946387 0.0792633307943727 0.0179356340300769 0.0134461661163659
0.1086735024803729 0.0493699433988751 0.0634829841896829 0.0931297216162528 0.0587869197109132 0.0371805525667741
0.1327421899316392 0.0622072316141948 0.0478058011892064 0.1183946007175488 0.0408731938565258 0.0643528286076663
0.1381109905621013 0.0848079155063982 0.1123055586949747 0.1886999872375749 0.0726027596040703 0.0414437511822477
0.0678142640438474 0.1882909224877368 0.0679351760908908 0.160604847327248 0.0256026147751159 0.0631588933095586
0.1040463084798918 0.1043711544681179 0.1250279248196382 0.0773465595875816 0.0877663096945731 0.0464548789633666
0.0581707111297021 0.1208604238275938 0.062516773165921 0.0969600820692834 0.0470553350364137 0.0326723338157138
0.0999882726655985 0.0797044895102281 0.0466212251459227 0.0834961762755741 0.0655969514726442 0.078278927513481
0.073250904723478 0.0646008721890756 0.1013160453086141 0.0741152549399833 0.0278239540878235 0.0637953779793495
0.0704949061189618 0.0329553834797985 0.0464745852220342 0.0712554454794686 0.0623336462818534 0.0276213723315714
0.0474348685695077 0.0730185470413844 0.0607236266928936 0.0894607925474172 0.0464782840421179 0.0219001027451505
0.1495884909711439 0.1284057785535416 0.0875837531834007 0.0935012245952988 0.1317197440612674 0.0121734516236751
0.1184666763019962 0.1650176277650652 0.0854962731171396 0.1331523183417904 0.0314705590612883 0.0631474726488659
0.1047762162388758 0.0549986188959287 0.0438624150041059 0.0842099719835718 0.0545897878877704 0.0411735206381629
