0.0495884668621246 0.0428730945635551 0.0488484843961569 0.0257898983153645 0.0496405767778439 0.0219533022001347
0.0207024227198178 0.033391517816565 0.039756981237099 0.0242461046162039 0.0293088744161571 0.0115976536637485
0.0348955211766639 0.0325635570032019 0.0393763384863043 0.0431841047977988 0.0540194115134288 0.2136735596539361
0.0426968926099981 0.050006000446004 0.0389912454192545 0.0432548895675218 0.0531180803732838 0.0799358098708583
0.0544176414873162 0.0300778024615893 0.0384275363578005 0.0275896006742724 0.0140024915262815 0.0378788792834821
0.0321787160761803 0.0201980566495752 0.028730903937075 0.0207120844951457 0.0220013179455695 0.0253614852300803
0.0331764592435194 0.0191733478814967 0.0431008656998452 0.0188437608426475 0.0350479014703966 0.0225705630162235
0.055793767489916 0.034551709717934 0.027336039976498 0.0280900973518882 0.0495211060102427 0.0490528179984958
0.0481005293887068 0.0231514651035572 0.0312539590730346 0.0217735212967053 0.031911715384193 0.0401848167656542
0.0191901893123437 0.0133442884178157 0.0295653281464357 0.0170695758784783 0.0126754225220693 0.0436337981593021
0.0406240991439907 0.03426312220421 0.035881975562953 0.0365950322339272 0.0310892569652385 0.0201933071056589
0.0331113754881642 0.0185037574827752 0.0191057879310479 0.0155406923911778 0.0415751421764121 0.0064399785993863
0.0375801614332963 0.0240801360123061 0.0228149136149306 0.0137806330843592 0.0560884383809874 0.0287027590686377
0.0700671025134994 0.03753755536215 0.0621567217319171 0.0302877914912883 0.0175860732719453 0.0960103208388581
0.064186118128387 0.0571653837919534 0.0534617465699729 0.0309155678362232 0.0319992520226464 0.0125299882462307
0.0329373658027151 0.0371727702950118 0.0237124716748271 0.0193350538928001 0.0493044293640173 0.0127417652415972
0.0512560768222388 0.0298518874974156 0.0421467195794103 0.0465521960745954 0.0530623303432621 0.0440068682752011
0.0428313751859067 0.0410315363338597 0.0548925382320587 0.0329213350484789 0.0397782990339874 0.0399093261965992
0.0508445028422194 0.0454336899367561 0.0281814977478086 0.0217584128014262 0.0296713344538249 0.0181175998646018
0.0374717203192731 0.011226188621198 0.0258411743436379 0.0256659584742191 0.0299808232236263 0.0342506574728174
0.0453088350155008 0.0489119772446227 0.0175771178228681 0.0353881085859113 0.0111767305564434 0.0489784021680148
0.0695925171848107 0.0520682693460207 0.0751020716589284 0.0481288788095305 0.0269327423640176 0.0200191217529762
0.0392784611630029 0.0621711860617775 0.05115977126861 0.0312719439289979 0.0493499433369478 0.0139514368145311
0.0465100718691162 0.0266544258640739 0.0326524900569565 0.0391724595191094 0.0356512794308053 0.0151810971658424
0.0523559347149391 0.0204791858132698 0.0339401967211055 0.0323692120393177 0.0402310806828013 0.0214889891578705
0.0807168820419 0.0470332176044165 0.0760201450077778 0.055506517134839 0.0472629692982715 0.0714106328869468
0.1553106086788971 0.1145550508432353 0.0811957433897872 0.0990465822845874 0.1123947498506525 0.0983556205425989
0.13201956386574 0.0846898990906704 0.0516963411924844 0.1062897773934612 0.0219969598127494 0.0737925168461204
0.1123478745950016 0.0944832499595683 0.0626690752595108 0.1288218714945067 0.0537345041260487 0.0285907990695243
0.1081986048970549 0.0875618269823882 0.0680937915088107 0.1223326149098368 0.0435019965821263 0.0480714641084494
0.1999944897506566 0.075054192132609 0.114922610045577 0.0889946267316655 0.1132431333577993 0.1497086554671944
0.1956229775522362 0.0815943202622417 0.0916507747307787 0.113313627899285 0.0867148974988245 0.0805821649689779
0.1035330796152802 0.0475917314869221 0.0650867115414283 0.0489887440308587 0.0667471108723577 0.0333577162274259
0.0918251044981745 0.0350295794408067 0.053548863574649 0.0429995962940711 0.0222705809849312 0.0276213255023434
0.0413377102708085 0.025771722274475 0.0488000911606704 0.0611480183888992 0.0260116487979734 0.0331289148504603
0.0805364713699135 0.0293183779837705 0.0508278974529271 0.0470697007066974 0.0339397363658677 0.0043441179313788
0.0841496407226404 0.0575493200710698 0.0825494451301132 0.0753335542950635 0.0361791546693064 0.051370935073483
0.0495735746396451 0.0564179990722336 0.0492440383022234 0.0540939055937555 0.0338810770245481 0.0732447333972903
0.0684201469286116 0.024540090391546 0.0294381356460523 0.0274874685085677 0.0455605584498626 0.0155209463797165
0.0509765284073311 0.0408836685873129 0.0374049087280425 0.0254269163159727 0.0151157806087679 0.0149936736424357
0.066721256269623 0.0215258120424423 0.029861455363006 0.0310342952626477 0.0195090616192256 0.0341791024293541
0.0963997893694591 0.0528364139044589 0.0586452996246423 0.0562360937807907 0.0662007250017127 0.0328178173454845
0.0665743501014589 0.0379383728396886 0.0468343187163229 0.0488318636643731 0.0249416866493798 0.0311766235867008
0.0394934334795488 0.0589604735598682 0.0619582752389557 0.0452809276555335 0.0150089760846302 0.0333052332792282
0.1045698504657175 0.0616234419582692 0.0860578973220084 0.0400264168036564 0.0563768832796477 0.0567732204042441
0.07570127658742 0.08880794040432 0.0830753818966068 0.0559236429915361 0.0267456338783362 0.0207429877768144
0.0872227522018547 0.0453785517555803 0.0445386810581849 0.0436053068188161 0.0333546577701764 0.0262592180753579
0.0542575951555271 0.0429841775072707 0.0682324798191424 0.0663751176635443 0.0460103689848444 0.0316948870624583
0.1188658656980776 0.083420344709831 0.1308258404088664 0.1044088830886039 0.056828200105935 0.0838871925771223
0.1823897363345376 0.1046346387468333 0.0849139072292719 0.1162348338322755 0.1020343270268535 0.0193335444402078
0.1000719697497693 0.1014411173367687 0.0445671254115236 0.0918963159605939 0.0503890693147487 0.0694005111396099
0.0654840954724322 0.0589100573387578 0.0547026950430462 0.0968421574477441 0.0768464776411489 0.071479624553933
0.0761942306076263 0.0972215174192417 0.0385892107066384 0.0379144334492805 0.0398691889998272 0.0915240687747137
0.0959423715892125 0.0403407709989058 0.0708860180820303 0.0417423438722993 0.0663539736514741 0.0427569736534642
0.0977764279502892 0.0855613932754453 0.1178543853784346 0.1021074314777888 0.0999197810589301 0.0701512802791065
0.143979283502733 0.1144552627964389 0.0901265330272781 0.0971737904201649 0.0806780071138558 0.0564092021270456
0.1331336750805857 0.1030671724081697 0.1575188271884207 0.1135491115770198 0.0560097279763572 0.0571938173530931
0.1005659314850802 0.108601438559605 0.0730663465845169 0.1072250048612178 0.0654387079199274 0.0581382322080959
0.0806586743730277 0.0475835324481082 0.0708180586387602 0.0861691339515365 0.0476911438534227 0.0409926408928206
0.070638039915664 0.0555586195553061 0.0872351557940094 0.079051979905626 0.0659973103370463 0.0407638483636401
0.1112686918702061 0.0498545715400335 0.031254010097631 0.081394387134726 0.0581494854810997 0.0130966364148038
0.1530920368598606 0.1210172973071332 0.0756093027011558 0.1133928575809701 0.1603989336896612 0.0496114191784873
0.1166320922681131 0.1038543192542968 0.0859053229688352 0.0353450542174553 0.1117829492401931 0.0402726419520014
0.1670963546537703 0.0551059604180559 0.0754570776866142 0.02204422795933 0.0472906899571297 0.0149205081831721
0.0391815915506341 0.0457935867583146 0.0403600424016227 0.0239875462154044 0.054715408799031 0.0545490044240028
0.1331492939554405 0.0690050212619459 0.0738978759007201 0.0683798267128385 0.0521793599893783 0.0581872338554678
0.1029674527841159 0.0817612043664641 0.119896424079044 0.0851865980962272 0.0582457967401021 0.0812573643281532
0.0327276468476546 0.0362478919575826 0.0340939012236385 0.0304895493080572 0.024405281470251 0.0246150387468388
0.0374691788679099 0.0188616389314204 0.0233362351794156 0.0402869156570635 0.0245928739914745 0.0429088075359774
0.0513179554810903 0.0457456180663075 0.0603409687167637 0.0749949711483088 0.0565010579534411 0.0291221690550402
0.094251911040365 0.0695696926691259 0.09661639113783 0.0916582630747695 0.0576891151494308 0.0837729095113996
0.0592743565479391 0.0575429384383704 0.037727420230543 0.0542000249875911 0.0521184115547708 0.0177597847811072
0.1127549307375824 0.0343324358872763 0.0493169238962198 0.0554777755244423 0.0552784470431979 0.0711315089410525
0.1032967926895764 0.121746547746259 0.0782956689096409 0.0748914028890255 0.0326893201039855 0.116580025701682
0.041415945278403 0.0489221128597976 0.0331789981966062 0.0705925966601162 0.0253715420799784 0.0449667797172775
0.0775055121531837 0.0732841867126766 0.0788556073555618 0.0450201303229255 0.0841191522712224 0.0940411663891986
0.077238034747256 0.0402269495315251 0.0436573148142107 0.0592533168267817 0.0338924216475849 0.0232260564869794
0.0753119408148978 0.0746244438744794 0.0525890207845936 0.0464633023326448 0.0702712123652262 0.0571871452276735
0.0617824540371746 0.0261169099247628 0.0590585305257799 0.0199186238649628 0.0187694407256229 0.0190661353186539
0.1237668165539574 0.0270870302386609 0.0406361456538542 0.0617421889311039 0.0364042665185103 0.0998460236415637
0.0796268397792635 0.0673515929764842 0.0534412952740078 0.0722214974830996 0.0569379087929277 0.2245813075502105
0.0987963562560045 0.0644583817023996 0.1242277558019573 0.0810545453733463 0.0632288899426576 0.0622046144482497
0.0385064950765699 0.0215866370426644 0.0723205334098883 0.038078432076838 0.053551624750737 0.0204144013322775
0.1648426542916254 0.1017699350575271 0.1689213095884822 0.1388405812658134 0.030381101663338 0.0863741760741831
0.0928151894238377 0.0987455883883661 0.073648638199111 0.0384223820148839 0.089893703926615 0.0698888616953636
0.0565679306027738 0.0383896642754526 0.0338482997245944 0.0722682626445836 0.0105659575009387 0.0843124425225236
0.0491890668780739 0.0445167535648335 0.0434691462390828 0.0617962378077998 0.0137682920327212 0.0574544380788356
0.0696087868570315 0.0659276930200773 0.0634282468613051 0.0538646580211448 0.0472866475098674 0.0571437696426564
0.0645539662993401 0.0282251634943416 0.045803441509254 0.0378373241966678 0.0682109273277745 0.0573839856524764
0.0224442288433573 0.0348972834021222 0.02303577772403 0.0234372255656801 0.0480343973787703 0.0260000350148521
0.0332758101221584 0.0474643653027912 0.0341030841188105 0.0239187909044273 0.0592130406627916 0.0383037047614169
0.0224879662476702 0.0210554241650711 0.0254723904118633 0.019414307351097 0.0219261604442933 0.0128305844433361
0.0287403807848773 0.0355888375583913 0.0418254647275054 0.0225507463755028 0.0358668875642802 0.0232970752567028
0.0455182759917402 0.0368357337188823 0.0527666830055964 0.0352938966979527 0.0354493703802862 0.0377951019019023
0.049567194032787 0.043843504523729 0.0366181001943347 0.0492145151059362 0.0370831132872578 0.0513175035176633
0.0270230865764797 0.0458064135444969 0.0577104066414419 0.024781269810284 0.0238740105042021 0.0254343064319123
0.0659777828121162 0.0740646111976155 0.0648707522501069 0.0379605198411671 0.1137648816192078 0.1027889195836077
0.0720788972015281 0.0555862177807656 0.0588338334822861 0.059764235223608 0.0223105367406166 0.0547528231751253
0.033693400282676 0.0377835966593146 0.0263200484545052 0.0374102561561239 0.0756918452036001 0.0146897822881537
0.0406434174485029 0.0386286727680973 0.0277446245208158 0.0408481799629146 0.0453010148782739 0.0289475013185661
0.0394578593507933 0.0245186342440752 0.0248904276112351 0.0287636571064792 0.0368853198547314 0.007982862015405
0.0438101108544792 0.0365626850595171 0.0271114392603362 0.0435293185171716 0.0191744037622965 0.0177280232369092
0.0432616492056427 0.0218885963908694 0.0265042037499144 0.0363236402005907 0.0422258851768145 0.0173358048258265
0.0200315594832664 0.018895344207207 0.0225505457972618 0.0449128864007325 0.0317541628009143 0.0208928082311519
0.0561802927876502 0.0303323038489212 0.0449730701051633 0.041312408924121 0.0107345067567079 0.0230031375302026
0.0571706958799048 0.0404099621746494 0.0467988501784982 0.0475263390494453 0.0538497792351256 0.0283019548227286
0.0618201518484402 0.0533606041494018 0.0637540971642382 0.0399903885302116 0.0561008933146029 0.0174663975351028
0.0456377573840431 0.0493988642641648 0.031656751967079 0.0412444255843329 0.0479781923836721 0.067188271926251
0.0463123279521701 0.0282612899743746 0.0369113269627407 0.0385541613166506 0.0854953597894058 0.0307220487316587
0.0254738661674172 0.0257135862196592 0.0327008495166798 0.0236972327074534 0.0075299734926546 0.0245478992252434
0.0189061015827113 0.0187561562944438 0.0198798400432468 0.0294771295715422 0.0158783840696283 0.0115444038979829
0.0150441904798509 0.0286761494142207 0.0364527983502395 0.0113521877788707 0.0141746019474879 0.0182609184473874
0.0201881555529872 0.0113722801019075 0.0148906538747219 0.0140914232900203 0.0164504944120221 0.0250539266542547
0.0239126856765251 0.019321571837868 0.0295816969159887 0.0242545040992811 0.0070754685084965 0.0401960092898247
0.0690274583525586 0.0173678506150191 0.0480788011313131 0.0305820050483188 0.0029065408814248 0.0318476389393061
0.0277241565409259 0.0241497650957294 0.0259482670922522 0.0558975965130512 0.0348023311777053 0.0419307819812104
0.0269433942979966 0.0113487141750646 0.0230474733291786 0.0173139548783701 0.036931060793069 0.0137904880736764
0.0158885283307484 0.0304724101764842 0.0383189614684344 0.0179025815599359 0.0163697942411085 0.0274831244489267
0.0250918293242159 0.0256867621937667 0.0501490656702977 0.0273358933868551 0.0371696175044605 0.0267543729020369
0.0407408646916043 0.0272290962057904 0.0329497666196128 0.0269657253009009 0.0352970398396495 0.0322246681262843
0.0220960842949613 0.0140117316005363 0.0406866652897702 0.0091853925265899 0.0264717917456335 0.0314887108542688
0.0083498105108282 0.0325551004179548 0.0290138000660407 0.0409236389606723 0.0145599705325415 0.029782785995429
0.0444626001705503 0.0235997304496099 0.0248841907528615 0.0199517887327155 0.0494290881307747 0.0487926655203564
0.0677067282903367 0.0218297401902217 0.0535803007120217 0.0408405830033561 0.0463827268412137 0.0647183491069483
