0.0393065566373064 0.0836379522632918 0.0692775434500888 0.1104877894808561 0.0960887295043907 0.0980714350499904
0.0420526171751107 0.1225049173823097 0.0382992061345805 0.1539608158143339 0.058177574994624 0.0121820547932641
0.0685800865886719 0.0345091158391648 0.0835577934069828 0.0810388531095524 0.0029319290689085 0.0
0.0346191449027111 0.0600226502346329 0.0238417474853102 0.1164495971428834 0.0335765289833221 0.0774291822488387
0.0384250377699957 0.0817338252885933 0.0556552328526295 0.1164028748095138 0.1384747144328393 0.0564773145628977
0.0676884924301269 0.0721495502031521 0.0515932503433666 0.0803078700754508 0.0421488028463921 0.0645437032228213
0.0402858240803749 0.0692693129171242 0.0651134240332756 0.0765883374724369 0.042333337569975 0.0239468850307052
0.0500062403908818 0.0532072479360261 0.0468940579590377 0.0965219217210738 0.1579873386574451 0.0555385921644294
0.0461645081539618 0.042734569827443 0.0475464553770628 0.1063776903992153 0.0518528031920184 0.047026761686245
0.0174215104853737 0.0458117356819251 0.0177559187133995 0.0646711622710672 0.0413981369768741 0.0256679478727244
0.0213369964712025 0.0875621383468955 0.0189439213611024 0.0720108561022487 0.0693576475798238 0.0394770642083983
0.0246176775478356 0.0569269297453132 0.0627072041013695 0.063634459619643 0.0361293278294851 0.0209677586400653
0.0205806245885013 0.0630745561490615 0.0576026676050196 0.0610393498107701 0.0294769016488461 0.0220811410863771
0.024655585753553 0.0651466601120329 0.0893339933828059 0.0778544659629512 0.0825031581955368 0.0368031255938717
0.0395155347092615 0.0814640455470271 0.0488226809554342 0.1119769082635272 0.069337411727573 0.0146408583098739
0.0469934967039715 0.0658404962965802 0.0709050918251865 0.0805755530677002 0.0559434662157762 0.0590162875866936
0.0612580307294951 0.1052363922565675 0.060973160339613 0.0603954575653786 0.0662007161014531 0.0608160431961831
0.0380297359637009 0.1030996547792868 0.0652094075736901 0.0792868133273681 0.0315477715709321 0.1458122905258971
0.0518487253168935 0.0490345716068473 0.0552719491103097 0.1113786226029354 0.0517793605178314 0.0773238583765361
0.0218451180266399 0.0594203406242058 0.0338070428008228 0.1056231287762204 0.1017211780365428 0.054764087964559
0.0171885252057799 0.0613789375574581 0.0698936171477895 0.1039628452486291 0.0745364717079586 0.0209080397790641
0.0242804890843224 0.0609808531641789 0.0568591724450886 0.0917223256394329 0.0553712786625203 0.0154563109646142
0.023816395914832 0.0758614696168299 0.051340012829908 0.0750841222833691 0.0421383500990745 0.0997289700282643
0.0394584408929794 0.0397510174604886 0.0286463413662767 0.0972975259824735 0.0310820512672656 0.0301074775079698
0.0122754979663184 0.0290597878685402 0.0444853029791017 0.0618922247413129 0.0530995811691036 0.0419382681830508
0.0181064797099309 0.0263317665915095 0.0367047397114427 0.0513570835326695 0.053551979376864 0.0575257252800689
0.0281586945701404 0.0249929662588383 0.057128206800425 0.1544704190264418 0.0435527697309016 0.0394259618062044
0.0698751937965475 0.0224104433716038 0.0824622042022892 0.1017230316857564 0.0467647456138613 0.0499859284174814
0.0299979149385323 0.0229556425744045 0.0790373656123371 0.1595682785071048 0.0770338297225556 0.0803138647649813
0.0241356803555993 0.0249149136895538 0.1255283256019201 0.1830072016508428 0.032086882256902 0.0719980041428616
0.0109201576629691 0.0140714038662626 0.0561909263628025 0.0556345499608988 0.0423555599105674 0.0248950279704321
0.0188929928836196 0.0262033479672608 0.0869695978810782 0.0795801049605846 0.0485640795324876 0.0543050064879972
0.0279336477541377 0.0355769395928725 0.0562259948575556 0.0846892326995207 0.0677883691300174 0.0413637143163876
0.0548890983667397 0.0449608953352079 0.054703249610639 0.0962014771701519 0.0526278444618429 0.0675262654556938
0.0396608999357655 0.0335272705511123 0.0326729066350296 0.0684015496985743 0.0803387268791584 0.051248374613882
0.0316579018441791 0.043702667701955 0.054770296903947 0.1260959820378097 0.0553315183552921 0.036017773024949
0.0511487438414608 0.0533055187812565 0.0758561753324622 0.1043748354207319 0.0527787006532964 0.0266034874260377
0.0263436515280874 0.0183544982147409 0.0324410399540274 0.0451340144944439 0.0194670559487322 0.0126214472281554
0.0233310119358383 0.0115130504517393 0.0214100373291981 0.0326875402255832 0.0279963771374389 0.0129684483186242
0.0139373260602798 0.0153912074983769 0.018431803252207 0.0347155074430999 0.0094446207698439 0.0162630906977832
0.0153539076687407 0.0268906500007865 0.0372149295384464 0.1233593757984687 0.0419488489525294 0.0338495333225099
0.0255029126590383 0.0439785113021581 0.0408742435090629 0.0661921450339367 0.0495963688670588 0.0305900074649567
0.0351523324033571 0.0296770017866385 0.0273458279041489 0.0977483419629167 0.0869193591953127 0.0127708076936822
0.0424786986121386 0.0406360030691508 0.0296796160106131 0.1387032558871706 0.0657599712351374 0.0174861020815674
0.0210242521545327 0.0129878383393741 0.0220602847629135 0.1284066385837836 0.0373122716872607 0.0200584714301556
0.0257108994753399 0.020019656117953 0.0139908113309164 0.0887382739019457 0.0718227232572742 0.0556182691865555
0.0514156246522842 0.0404857999028388 0.0289910517513112 0.0669944407557206 0.0429655802914144 0.0522790453263611
0.0510135322061453 0.0726119766518654 0.0399522929751038 0.0698446763886193 0.1017993490284542 0.0333616132427342
0.0582586038600555 0.0508577595684475 0.0594564118392054 0.1443260604590575 0.0739868403556555 0.0698433869266254
0.0610392841556765 0.061021956670157 0.0656496456119121 0.1234749094327378 0.0814185877889865 0.0551974336100207
0.0217598427597202 0.0293309915214016 0.04565376948823 0.1092010731926003 0.0995536995719377 0.0417088562080196
0.0278280277026434 0.0332909561978483 0.0159132968434855 0.0734389269803157 0.0779752777227501 0.0782436207393236
0.0408477485201986 0.0146397603327397 0.0082547937982626 0.0825178333932369 0.0494313592154475 0.0620889953151869
0.0217508249275206 0.0269682950635038 0.041821962968852 0.0943047882939686 0.0695747729115955 0.0403795907368838
0.0461107943665033 0.0427501152498998 0.0432077802394122 0.1296635150314734 0.0364236840002221 0.0668637597641149
0.0272841901773761 0.0348539699022897 0.0409142093404751 0.0931993708372527 0.0268263651284557 0.0370269718745131
0.0356477067354516 0.0338347431824953 0.0359458498170682 0.1821988299960186 0.037561373615114 0.031666224258007
0.0278309880776957 0.0410398629460675 0.0546708397022078 0.1149411850959654 0.1420435258433049 0.0407500217323798
0.0225260938212284 0.0291049347867499 0.0259867860577853 0.094845861570899 0.0323651448596132 0.0748251020970105
0.0200873582733252 0.0217117014934053 0.0163165831971412 0.0925623803988913 0.0320636950654022 0.0487255495269491
0.0536812730518088 0.0180940686112957 0.0823398129099042 0.1656043792283263 0.0880569911988275 0.0381813777927607
0.0778007845632695 0.044181035004122 0.0379974727257996 0.2560023638532323 0.0751486241233091 0.0115961009544266
0.0413838620378689 0.0388597462802241 0.0560917321173604 0.2451277024617519 0.1006716709628039 0.0141366395676731
0.0192617950574803 0.0308207184060387 0.0378555865634167 0.1188278840147728 0.0346966026795804 0.0270576994049931
0.0335816981404191 0.0235366793969477 0.0123849072378987 0.1222078975934973 0.079746534053832 0.030505819580311
0.0689566675931505 0.0195012176943677 0.0159193240597816 0.0962785205664867 0.0294144105581239 0.0347615679336891
0.0203194515307763 0.1597102448131135 0.0133265634035553 0.061064816964679 0.083387346107444 0.0504681602972586
0.0284352031532925 0.0949418561559145 0.0543839976477319 0.1262741268899938 0.0987417490016395 0.0221729226999893
0.0246512493137299 0.0632731794059422 0.0333213202298142 0.1809027618642375 0.1362124194692974 0.0372737091509841
0.056629152290431 0.0380357662830847 0.0266716661466841 0.1585176480539248 0.0541836383361601 0.0171842041233103
0.0663673116516767 0.0540938085423918 0.0346707947590984 0.1630481498587673 0.0668399139251864 0.0356080718274307
0.0199693955541153 0.0272927226297752 0.0564347510506245 0.2117127608194912 0.0351201788803953 0.0334538565559068
0.063512019457493 0.0528746121252038 0.0081662527547628 0.142730159131023 0.041455061202687 0.0484645209991887
0.054625925353114 0.0585932018937219 0.0342367680981478 0.1257496007865136 0.0464853746041498 0.0710235332704131
0.0533866266947319 0.0424861400138122 0.0250298516555607 0.1485397823354566 0.1037532238094166 0.045925058794271
0.0500551356708103 0.0403372116478471 0.0750890758216722 0.1569767281551097 0.1477406325637335 0.0367528884382183
0.1011489382966606 0.1078596411273329 0.0898554691298534 0.185853076032797 0.0408874057117104 0.0580847044059758
0.0627612265060032 0.0780788027733927 0.0576267815488902 0.0929942218829863 0.1715305108142831 0.0580064866105912
0.0274406773009069 0.0508045480488597 0.030711659857643 0.1802910380751023 0.0913783610650073 0.0356559812918803
0.0282293754388909 0.0463264493068333 0.0179782319038931 0.1429820321857474 0.0331212580780555 0.0990406892290068
0.048854473098617 0.0428560423085919 0.0305699665619004 0.1162881757749994 0.1035823516673082 0.1436087449807049
0.028818531877364 0.0318211849213691 0.0395997908948742 0.1603759512831773 0.0264312404524931 0.0653771151739102
0.0727065603712332 0.0591182764936101 0.0536011637312676 0.1249783897523685 0.1853365412955882 0.0185678371278736
0.1091569428543712 0.0846966462100819 0.0685576364432343 0.1939832915558183 0.1598464667287474 0.0682701383712416
0.0601731844858871 0.1008460320622444 0.0522110735240954 0.1788192136721939 0.1155037318520834 0.03590518599269
0.0584071196826249 0.075304468238363 0.025195731211685 0.2478639933459379 0.146749401602183 0.123835499211941
0.0408263040631379 0.0791976014508521 0.0239117979008227 0.0955713953333282 0.0283761818833983 0.0329767547442062
0.0480517104611403 0.0487143906816968 0.0405013222030514 0.0726087015211842 0.1057654582350901 0.0543284286066486
0.0369821654271264 0.0329688149142021 0.0751384140357722 0.1009194670344932 0.0706866336164381 0.0507180875285374
0.0221341288738692 0.0224277945987672 0.0267990383954746 0.0828826921582071 0.1120423220508954 0.0516192282414477
0.0415420201344749 0.0475040557105252 0.0377313937992229 0.1016402692235689 0.074501163535263 0.0301568903706275
0.0201303710321208 0.0481184387809026 0.0290287663629589 0.1206444025932463 0.0391519518286957 0.0238577844891431
0.0313034009695538 0.1046577396241692 0.0236336278437144 0.1210419553529884 0.1821140799146545 0.0292620250637927
0.0170750116964534 0.0537879502195441 0.0545630694973621 0.0425722178514626 0.0240387807127613 0.0494663705550205
0.0448630736430191 0.0135848357564351 0.0217201755109665 0.0739147900731272 0.0856686604212543 0.0211444567309521
0.0307021572607381 0.0695963036991524 0.0330394616439204 0.1191616324947243 0.1535499105812878 0.0475609502269346
0.0423643821912806 0.0702621696511556 0.067018553363868 0.103756429044139 0.1286281050911775 0.0371872762795875
0.0319892578445278 0.0556547557257537 0.0421148895119876 0.0936485893811929 0.0612625501103104 0.0394178835263423
0.0435293785062535 0.0749911106084223 0.0321298601726092 0.0694105481421226 0.1017469025872876 0.0228751989185449
0.0270877730524686 0.031441468320216 0.0235255769090739 0.0662521555888851 0.0318380398839182 0.0118326356534966
0.0122357054671853 0.0117979695898605 0.0240219808579195 0.0389770524170783 0.0246145066217174 0.0047169391061346
0.019666629778889 0.0261321296172493 0.0263080014628558 0.0514232559686561 0.0660793010713596 0.0237385645367511
0.0331691938605184 0.0733139186889185 0.0512951260940262 0.0895956701583086 0.0899229497615538 0.028345801554631
0.0453370718345833 0.047025050793762 0.0492222879656539 0.0351796954646787 0.098388731826786 0.0167426893026753
0.0259587511544471 0.0347593319262409 0.0198769760337537 0.0410980865638563 0.1221178433183059 0.0500752558041807
0.0388196940966192 0.0586059432785673 0.0455641999564452 0.0810211483708529 0.141371159431758 0.042343617007181
0.0476209211120581 0.0412961356694209 0.0575015089728538 0.0826087062014599 0.093400918094008 0.0254945761650592
0.0147230151004952 0.0535402503078329 0.0189159616788154 0.0492107164512057 0.0319067319397049 0.0326184717282025
0.0192315735268281 0.0065587505589322 0.0479557934360663 0.0412117116533844 0.0832042640336978 0.025765607335992
0.0248449311025192 0.0349793488224271 0.0706862284156891 0.0817169122500263 0.1330457455790469 0.0170684207764755
0.021512877859246 0.037177762143352 0.0465146804293464 0.0583632698152302 0.1674266667356045 0.0194335749127318
0.0146258027392387 0.1171226751436724 0.0401459681320237 0.0555312079840275 0.0924490481530599 0.0495624480949179
0.0316130348622826 0.0487167641159656 0.0378072771576129 0.0489384807040137 0.07965852805182 0.0199596153941874
0.0531959880276252 0.0701259892690525 0.0381518218334772 0.0523211700958468 0.2313056912177157 0.0279135428158009
0.0309356180322969 0.0290788546717381 0.0084473606615414 0.0983620574735348 0.0016657125764595 0.0548709559208257
0.0440436169054833 0.074258236612232 0.0663767746593382 0.0604554505855215 0.1029744870380075 0.0334405590663294
0.0333898494615362 0.0936735567479125 0.0546405365626656 0.0938506795635283 0.1005488875004043 0.0095093850997262
0.0228544348305518 0.0610641900957449 0.0345947287398787 0.0455154800031071 0.1074149462247385 0.0308462363541497
0.0264058169136006 0.0555109815843965 0.0282289918077232 0.0634447745450643 0.187201496786607 0.0849964895593985
0.0597256889481176 0.0561788797279419 0.0472146281386284 0.0815075935453588 0.0315115841614704 0.0740122409654824
0.0508923407838952 0.0352538997692124 0.0397655381900549 0.0825383813689168 0.0263213254856358 0.0181988005589858
0.0485390167599254 0.0760207972110286 0.0400930458301607 0.074709501979621 0.028401673487482 0.0916135232403653
0.0538006533427381 0.1324897349297609 0.0112358468649017 0.0816397756610062 0.1494312246466006 0.1037948455928574
0.1308111355266103 0.207218017245696 0.1711169455910153 0.2096609996763139 0.1628463811517125 0.147475606022945
