0.0526731918475182 0.0363155071520975 0.0405721954753915 0.0457225613214901 0.024801903441616 0.0319467349076242
0.0411471213479515 0.0076845773509727 0.0256645439764186 0.0307944471560603 0.0353900818679337 0.0021202441879875
0.0262401066840966 0.0168050323019163 0.0367228286187032 0.0259522665497202 0.0070478367997786 0.0206993724934349
0.0233309190832807 0.0183349483792314 0.0219056140498128 0.022805943417614 0.0130864160217618 0.0054426868843388
0.0367321394812186 0.012723986384604 0.0224864207085747 0.0206236631540419 0.0219556151780192 0.0213345557200423
0.0521809114144267 0.0296150163966116 0.029410959021172 0.030075416412059 0.025230888487997 0.0309424360228289
0.0301786616077755 0.0180538941785126 0.0199932141637585 0.0371295899479807 0.0258460349871684 0.0175595234060862
0.0285349643320792 0.0158024682220649 0.0310705435412849 0.023119675408958 0.017457734117068 0.0142789421245751
0.0316451655337788 0.011663765998315 0.0250170637651258 0.025171740099922 0.0088188947206691 0.0470099852545465
0.0112561350216215 0.0015096383559993 0.0107839214615585 0.014741020489588 0.0066191401575724 0.0327151355716232
0.0313754863866794 0.0515892335768196 0.0431797827781291 0.0323090980954623 0.0284111723064468 0.0344434930644767
0.0472783403633054 0.0226332902863436 0.0395630606231524 0.0364423769699892 0.0188800611826424 0.0898141671561101
0.0290880374716154 0.0184429831997085 0.0125969480673198 0.0066023173783564 0.0109796368066158 0.0248981211855404
0.0284220674919095 0.0117314192305045 0.0181208265116494 0.0243648898867568 0.0283888122317712 0.022544456994634
0.0528027848031742 0.0235943400247519 0.041736771957251 0.0117905231315768 0.0166158407604458 0.0110180078222535
0.0296728103169535 0.0138912361899605 0.0271511005135069 0.0084909212883324 0.0122181020086785 0.0399725152872884
0.0248590282391927 0.0084157357800557 0.044460983141762 0.0189657338179527 0.0115447766976618 0.0448911497595576
0.0168461875026093 0.0231624586332096 0.0452471993235963 0.0215549091238638 0.0090289311133608 0.0723791031142083
0.0288138997088983 0.0068387367752521 0.0158904147009011 0.0164384163428632 0.0622604453336253 0.0379945258684956
0.0167958158061078 0.013059818627826 0.0271264236888942 0.0359723186052036 0.0065331408165925 0.0486379349466969
0.0103533272418004 0.005867349656751 0.0132247824987858 0.0189372665941482 0.0037753821282466 0.019209037161469
0.0142515051661023 0.0056361595855695 0.0162597959889778 0.0223872531889731 0.0209177021420802 0.0287764070543357
0.0346135228926035 0.0314297274426362 0.0218561292646594 0.0132873694091507 0.0183381491391078 0.0268759209694729
0.0291700161932644 0.013791801278732 0.0232044608724615 0.0237162622297037 0.0111656086410656 0.0231910292548398
0.023553857760967 0.0066063709237615 0.0211636651893257 0.0211911304940881 0.0427347271611408 0.0375465912477165
0.0114963249437595 0.0293580101017351 0.0171654524039668 0.0147947782785617 0.0105313272439845 0.0373827721311886
0.0294871980883568 0.0200848390085183 0.0168078027523153 0.0377408596386148 0.0321528653912659 0.0160615025820024
0.0142801817641028 0.0199723422470724 0.027868610553852 0.0272596492154518 0.0074878269456535 0.0361200675923341
0.0240911916133757 0.0099458630113249 0.0161496367186415 0.012959934772668 0.0212486761526154 0.0443910198983746
0.0617713197380628 0.0122666720677575 0.0184518960488062 0.021681997833241 0.0233842870527588 0.0224475108386145
0.0238987357924938 0.0168961627040198 0.020929233199963 0.0112668458631379 0.029809185530968 0.0354270659889348
0.0184219399473323 0.0131141001027678 0.0125452255289226 0.0397890867746718 0.0090922770551971 0.0410142448961453
0.0335929315344382 0.0258630591230284 0.08003402371418 0.0651738392499067 0.0269686187848885 0.0834526172446588
0.0657978951292898 0.0459545186430304 0.0476242092423701 0.0386905023733659 0.0428378753234781 0.1013766712761786
0.2159195509985441 0.1298029873141254 0.1876729080747132 0.1882417069117369 0.1326724600911323 0.1626622118859761
0.1907611527216895 0.1377443001915392 0.167614890533899 0.1160934542708004 0.1764830871341771 0.105312416577028
0.0765267892667432 0.032638848670341 0.0432740709493269 0.0260749009552391 0.0317389429619085 0.0378625951396023
0.0715935822454371 0.0354796095274615 0.0262571512861644 0.0179702744138722 0.0472588152224826 0.0478369509228764
0.0088894042679084 0.0084269522708017 0.0035214479257612 0.0182910529061194 0.0056320121606815 0.0020532568860644
0.0165692618130785 0.0116472189828038 0.0113681063364965 0.0221661734461583 0.0079427636617716 0.0138531513809231
0.0464730428264293 0.0189310504510759 0.0216855475981377 0.0166556347535247 0.0252429753377642 0.0263965621339359
0.0375677333048876 0.0207927027642785 0.0365002281526525 0.014833538514527 0.0379859415096435 0.0306370064351063
0.0383310338609164 0.0166496713807788 0.0177760728216058 0.021828748907542 0.0155826088820832 0.0226389127175939
0.0389992762199721 0.0191308557198243 0.0261435143891014 0.0394090946680682 0.0031371521649436 0.0206294842647245
0.0259421619205447 0.003725657407777 0.0304279257653879 0.0194228879322104 0.0394595595174293 0.0198205738507305
0.0305178704845442 0.0049918569472638 0.0420388947153005 0.0203077502927783 0.0111662750731418 0.0479724213492985
0.0435243183232197 0.0477717038609426 0.0373116454514751 0.0286911838901298 0.0240011377391325 0.0448564540387374
0.041983477008603 0.0186123180296025 0.0569035093194194 0.0235452299175171 0.0442641086052297 0.0418135248133873
0.0597411902730094 0.0284785115772145 0.0294015353351486 0.0360555189073318 0.0275528875260893 0.0479813731198861
0.0392379630146769 0.0102981956715063 0.0289713406045643 0.0380658452629748 0.0221758481758401 0.0239916968605989
0.0762943291161863 0.0359040319584292 0.0492051512334284 0.048854120527877 0.0529443970752776 0.0444165502228406
0.0252889310519026 0.0400838601625583 0.0188646227745413 0.0340020668954536 0.0994339825093714 0.0169005273716715
0.0239371668375025 0.028665969961522 0.0359496151687836 0.0197273758676582 0.0258582248981743 0.061497336305063
0.0298970665195059 0.0297675374209831 0.0224952313732516 0.0230916303918295 0.0223148390534782 0.0410859184099828
0.0364997632708183 0.0227918516373705 0.0233832174669052 0.0250489890244949 0.0449297953457724 0.0316972505260611
0.0435209186733718 0.0181533182705227 0.025645182234375 0.0193430499005787 0.0195650753331826 0.0365813534344166
0.0226584074132013 0.0214538264448736 0.0165037390247145 0.0161844246390615 0.0163069326897877 0.0219601729129634
0.0203015747777243 0.0158973791423808 0.0247347055291115 0.0227542143586331 0.0139569220456364 0.0358881068339009
0.0417657388289639 0.0315577318943437 0.0142064565078565 0.0472438673407589 0.017141153654437 0.0337602889500243
0.013473126418117 0.0129948004963021 0.0057344823098086 0.0158095980533729 0.0057397070564935 0.0242200494244495
0.024906967067852 0.0152647096216028 0.0146877291722347 0.0315526427356097 0.0066513996847429 0.01896018635423
0.0232993005201112 0.0168984006743622 0.0317921500242611 0.0146035236175683 0.0264076581724316 0.0214389004866707
0.016553164940527 0.0117658095699759 0.0345254316159929 0.009483743875435 0.0089093176412772 0.0146524545180506
0.0216999034442867 0.0129449413381455 0.0270607675178283 0.0105396865363863 0.0055318068380683 0.0115823011445073
0.0245341595952984 0.0078596565629388 0.012846613037074 0.0107199274226352 0.0047612619518176 0.028247677141005
0.0285578691890515 0.0215197260181951 0.0188947482862862 0.0199558428447563 0.0113296566705321 0.0163835953296916
0.0271033566116487 0.0104357344869888 0.0356143176949725 0.0220214029003518 0.0268612244475934 0.0172775887666212
0.0113952669592879 0.0111295824138292 0.0342711398366274 0.0184517805717307 0.0049432552034083 0.0187687161386716
0.0163753297489935 0.0074968653698509 0.0083043911032864 0.0379838605174595 0.0116614287113088 0.0385160301091017
0.0287109711440502 0.0223861243265052 0.0183080798196413 0.0443416600276299 0.0226264784707487 0.0117458357626324
0.028520002508669 0.0093003804933389 0.0198440184542365 0.0263514309920476 0.0336129242877042 0.0243246044067829
0.0335258175324119 0.0179838431620948 0.0127607590389323 0.0197010435731312 0.0105580068137538 0.0454745773552837
0.0177243116509348 0.0153284181668363 0.027449339552176 0.0182179117070581 0.0240673042336493 0.0318655247496187
0.0215058291034416 0.012469582178291 0.0489267504489021 0.0208062415013962 0.0158398231065684 0.0395081440478472
0.0306461306694093 0.016890697303902 0.0331966965229747 0.0246447570674069 0.0128747515546249 0.0182723768736854
0.0188410956015825 0.0261670334455165 0.0153617052246559 0.0116551009206588 0.0067398958175865 0.0095768570719414
0.0232072811292214 0.0202190534582358 0.0256468823875639 0.0212258109992798 0.0219038141371655 0.0141609803792242
0.0149085389115459 0.0151732607474534 0.0224109802354401 0.0211209351034474 0.0198531411793555 0.0194062777061505
0.02568741248835 0.0495305020815963 0.0485833653370783 0.0249615149821177 0.0057399111455591 0.0712025403191321
0.0170950750453471 0.0157496185462859 0.0227893908075224 0.0180685429075831 0.0037463013049583 0.0270321475116645
0.0440078515998723 0.1027864703029216 0.0156438057432781 0.0258245309937022 0.0892391569266835 0.0027533768285974
0.2134487634089332 0.1045656127223594 0.1761163607753499 0.1594925873119853 0.1090468195454327 0.2646328332567468
0.1022551436885617 0.1334595701860991 0.044395514202889 0.0732238434114109 0.0236521574623926 0.0650785922316322
0.1244125882152278 0.0771337299063519 0.0744566955567759 0.0483972220690297 0.0169491454133044 0.0302052490846375
0.0903848015415895 0.024617614614118 0.0389076311914222 0.0342561938866528 0.0150717575062095 0.0101032669058355
0.113058691686447 0.0347823128764841 0.0399602132757495 0.0471894241709636 0.0184341473285524 0.0180335042241311
0.0471700760079355 0.0862552590707445 0.0878098502796272 0.0774271805066953 0.0116944351609047 0.1142406109488392
0.057787389047583 0.0942031763072787 0.0220200306932896 0.0250457528082034 0.0100067562645117 0.0314740861773881
0.0510438634604893 0.024233809967021 0.0183061127264326 0.0200282573220117 0.0247567528579724 0.0352947567331731
0.0255852991463048 0.0314380329427803 0.0307813216104318 0.0203562431565334 0.0341486555266358 0.0378296798455899
0.0390406373292659 0.0335795423530942 0.0326081282210585 0.0333428107288566 0.0231950111232192 0.0219596398065628
0.0231169009386831 0.0336272346304379 0.0353507254771109 0.0333432741355202 0.0100509851323408 0.0380052569534758
0.0329252708518868 0.0296555398743024 0.0240411989100517 0.0280072335670854 0.0271054517677678 0.0329453317701496
0.0135422805038941 0.0077564305524822 0.037222562119727 0.0089906452554654 0.0133349604971591 0.0137857740501571
0.0142698201649574 0.0239489964152807 0.0189540540298434 0.018525081837381 0.0099472867056232 0.031566179063762
0.0234435348572972 0.0269998493792824 0.0709139710027682 0.0212534675684661 0.0233141893228563 0.0130910126130193
0.0261909530150822 0.0327596722437778 0.0339647239067263 0.0167525163094561 0.018362563831054 0.0173368932840228
0.0206984857622598 0.0178203649247709 0.0261228121968137 0.0156505398449614 0.0189085220592091 0.027333082304682
0.0217559691695524 0.0205382720947296 0.0562284910149562 0.030278661952676 0.0111678994553734 0.025122266281636
0.0165882482326633 0.0199625598841315 0.0207791808706173 0.0177138377239653 0.0120510831725761 0.0099783329513224
0.0121388363619732 0.016236544536149 0.0139041588121222 0.013150803668811 0.0159448064899357 0.009281674407587
0.046401953494606 0.0137421891815547 0.0219298064954724 0.0252181242426224 0.0133742716087234 0.0180354837344839
0.0266601635753977 0.0192497013166266 0.0561922039830522 0.0212866879447605 0.0207956353588432 0.0138785884474702
0.0331381538525745 0.015899496793462 0.0280507250970539 0.0367760535110926 0.0081787697962738 0.0039472275453673
0.030129040943926 0.011604880021828 0.0198687072188841 0.034547774691405 0.0093601994632233 0.0061597622339536
0.0164159582253169 0.0149215834803166 0.0657605066041538 0.0452714512842777 0.0118884480812126 0.034025812609201
0.0244236067790268 0.0257615209634599 0.043897929828127 0.0460116757155901 0.0285032831281694 0.0212220239125865
0.014951534869732 0.0075636837529112 0.0325541688963143 0.0381855025474146 0.003674664325243 0.0225200723622808
0.0174270940101716 0.0065310354851839 0.0214153728602804 0.0391295907383549 0.0123021675481444 0.0167617993210732
0.0259551051635898 0.0192960882701071 0.0454732886004864 0.0362623740876794 0.0099858945153691 0.0254578751862582
0.0358407113888574 0.0188142701080106 0.0316886355575053 0.0416607178245091 0.0074081740764195 0.024883246657502
0.018531150978179 0.0140326116369202 0.0183339176102349 0.0427968485879714 0.0028922506320605 0.0195774070793763
0.0271825356727969 0.014148826679182 0.0235054029440082 0.0480256081624957 0.0026867817774051 0.0201378048726223
0.0196692025394407 0.0221911239914728 0.0182214946062039 0.0308145582208321 0.0002316066065133 0.0115021590472442
0.0170525498355318 0.0035649394644909 0.0107804400943045 0.016698276642895 0.0166453940062894 0.0530845599781551
0.0162787962238646 0.0191128387365777 0.0127293601928459 0.0338108321368447 0.0139325265341276 0.0158227942906675
0.0214155226297948 0.014901660003589 0.0163964729477387 0.0218259165709575 0.0092407395914873 0.0126038445865875
0.0226275712652659 0.0118815663611872 0.0317066046799428 0.045126988897451 0.0086453611778502 0.0056540555749573
0.0213673905922321 0.0127788525505114 0.0289431818586018 0.020738858974627 0.0056922387456743 0.0360078727924204
0.0167599497848161 0.0045813958777894 0.026532382471023 0.0267690120397309 0.0051368128793164 0.0118232308151672
0.0316521933309223 0.0240783783522526 0.0213056960306805 0.0310422036101358 0.0201224031892665 0.0257097400130538
0.0201334802352715 0.0190137882306963 0.023194896200135 0.0267728098467264 0.027501782043781 0.0367964429109491
0.0275489809974125 0.0283814816149197 0.0432921948745422 0.0639756836672526 0.028804326761012 0.0550739941551981
0.026729484926225 0.0126784820676441 0.0311474705718644 0.0250199259615967 0.0293173214024539 0.0135747908166399
