0.0451364495643874 0.0443525986438607 0.0338804896999082 0.0238335194489756 0.0424337982792211 0.0131746337456988
0.0147663476072334 0.006307646594783 0.0165083411519751 0.0075054433308109 0.000746106094873 0.0189274986148308
0.0422622788239754 0.0093012844791877 0.0306094419616888 0.0350274788911864 0.0297590621904224 0.0048123128028367
0.0513468502485696 0.0477863967003926 0.0444896940979535 0.0191760289135514 0.050084008196961 0.0100578071012439
0.0792538491324782 0.0134009830056007 0.0172169633165562 0.032318234941057 0.0007692672004157 0.0029914899602173
0.019135648724451 0.0211878630395566 0.0154146175798157 0.0213080529307008 0.0036293651235418 0.0196043876907436
0.0405394625358563 0.0145210789887106 0.0083984626538933 0.0171181923249486 0.0066830964482741 0.0116111724636125
0.0657701961765039 0.0286214685482621 0.0395441909083397 0.0357183921020157 0.024449353448979 0.032221187920423
0.097442529638778 0.0582210533306742 0.0715161002784869 0.0809747104886588 0.1291879810346288 0.0363456208939821
0.1079725760374257 0.0885383769909414 0.078076538369632 0.1126099163037298 0.0525060652108983 0.073948535151749
0.0539888069748158 0.0229780248791739 0.0483097646727034 0.0364446005753264 0.0601124560807551 0.0265406068588406
0.0416572944510332 0.0233324051639619 0.0340505635969278 0.0229147341360109 0.0166138982670852 0.0131746916872196
0.0437091887659507 0.0231971807794468 0.0106354711171249 0.0320490277331239 0.0064911788808782 0.03383112544017
0.0466424753752542 0.0172639053256364 0.0262796936427979 0.0132507703107776 0.0043701614730617 0.0199871105229454
0.0589656345270429 0.0267859210082233 0.0336220541427025 0.0265357630433353 0.0300879279203797 0.0383839497282664
0.0461518841623548 0.0186056281181318 0.02416024430684 0.0281640337308045 0.0130130698847261 0.0288516833573504
0.0534577452094734 0.014643107803248 0.035250125309741 0.033089868929473 0.0360551622585661 0.043999197327823
0.0257729174898107 0.0050730921449451 0.0336189773749322 0.0146116218388373 0.0492059376735684 0.0287663959126631
0.021836392008087 0.0075942341290154 0.0124739813597757 0.0142487726687465 0.0168413167629728 0.021044353574361
0.0253104697859273 0.0116441034950131 0.0139018761628889 0.0136892454786992 0.0131575146969967 0.0230605804947822
0.0361589174885457 0.0139061838815465 0.0093973983789185 0.0144556696138857 0.0047553341807331 0.0027022172407125
0.0141779693866935 0.0068158213741807 0.0118560827870058 0.0129207289159425 0.0188411891051783 0.0075269658569379
0.017265944735646 0.0072981884156916 0.0320078171548466 0.0253414396764898 0.0458094760609956 0.0282289074610424
0.0650861950865546 0.0338265896968705 0.0209554573542656 0.0549361843288734 0.0326054499699594 0.0197591811798491
0.0635053556717072 0.0109585181162105 0.0640318106271524 0.0311858831492743 0.0412954236209147 0.0454590321041141
0.10317629328378 0.0633841459145325 0.06164185881981 0.144593224140424 0.1274566502462854 0.0945582885998359
0.118387448390507 0.0950958922003364 0.0524549469456103 0.106973909928409 0.1030030188453353 0.0669116169558094
0.090615723031398 0.0759300575387631 0.0397416811722044 0.0718130024608296 0.004936803645579 0.0450371485035211
0.0667135018120719 0.0302558998832372 0.0224494897996928 0.0601790759099042 0.0463346410139442 0.0850006521356917
0.0450054323566337 0.0505895384876771 0.025981861780111 0.0598090885046321 0.0554763796756701 0.0659480315582841
0.1035252286914802 0.0574394851256115 0.0954017228710073 0.0627304528720343 0.0506558328775899 0.1096548870549257
0.0793934839043052 0.017940220266602 0.0791355128517255 0.0410355043069637 0.0372618692946759 0.028108220035899
0.0710809962194901 0.0154045467671108 0.0366208129790287 0.0344513890806601 0.0466599999008838 0.046871655190904
0.0827978956658036 0.0307304199954282 0.0255569870623896 0.0504073369093158 0.0026946964743378 0.0190248033823883
0.0394436301304613 0.0251788239701866 0.0180878204070757 0.0264935160465256 0.0412785992883741 0.0007902867804061
0.0674647973069982 0.0353698125096318 0.0214875707004993 0.034141007754826 0.0437761785853395 0.0460956064298175
0.0952904136087881 0.0419451149065246 0.0252271688423764 0.0441124546231055 0.0349648262734782 0.0504671143315192
0.1417979425084247 0.0823098869272836 0.1030386533118305 0.0925807993747896 0.073618298907597 0.1423137777186294
0.0962092008531568 0.0889637663191131 0.0770192738112318 0.082727676625429 0.0548972232289394 0.0829546935891445
0.0893458519646154 0.048352442156373 0.0455227484453778 0.0608946965101611 0.0280314783478124 0.0171442763922283
0.0897296569282112 0.0371475064473886 0.0288741208365495 0.0610608243636982 0.0145085784289434 0.0219183681346946
0.0858870032587057 0.0412860331209471 0.0414697726582785 0.0431413172564339 0.0504140228969704 0.039353013636838
0.0599792338540562 0.0360072358605085 0.0338348616984414 0.0589971526454904 0.0268713401276111 0.0185727257660206
0.1337865049568148 0.094475463449848 0.0951522078230461 0.1575630113250121 0.0955933418062393 0.102896494792224
0.0947859503457496 0.0482671375833152 0.0813972802936936 0.0983309791870932 0.0622407526232447 0.1017419058101392
0.0946558539592144 0.0822764844376566 0.0760974671947524 0.0693117514839031 0.0139191688063475 0.0364716581863082
0.0663009415515114 0.0208957519536983 0.0259994683945696 0.0520162875017519 0.0202878232797118 0.0307860979849532
0.0832588247404551 0.0248922212208384 0.0500235237147447 0.0491818872398398 0.0278342547859173 0.0133198492323879
0.0645969358076955 0.0257863592776484 0.020002514465081 0.0278081130692348 0.0256221602654418 0.0352875865251243
0.0854966368606365 0.0056294030014537 0.0277988155498895 0.078706078241492 0.0597986846226693 0.0148542741811633
0.0453595688606565 0.0172334603462155 0.019255012674171 0.041564139659374 0.0 0.025014461307293
0.0758446450530139 0.0379503553839254 0.0411330502721549 0.0469070288891388 0.0522348550674614 0.0316589145369834
0.0920470510610569 0.0497267062532124 0.0515676131430368 0.0738990273679261 0.0127030767645473 0.0401362219913672
0.1013974779089902 0.0706092955895915 0.0411989494566034 0.0724113044154377 0.053038544211842 0.0915884209435631
0.1140441082836619 0.0736948296864136 0.0706311169235961 0.0840741612558078 0.1394142373399159 0.0547208797830441
0.0898647221586201 0.0383914785634746 0.0355319268225386 0.0634362245545186 0.0373787925578959 0.0137428902682144
0.0823528697512745 0.021432408992381 0.0411536718699304 0.0315548669200536 0.0358914132813608 0.0271104306475598
0.0526062526126473 0.0268497313090112 0.0619810635280899 0.0786043146525867 0.0180246296888057 0.0300691295600371
0.0801807992557605 0.0448022122848652 0.0630905459669678 0.0577763042048809 0.0282797730257545 0.0687286299875014
0.0977314894054055 0.0529047265439366 0.0640842021782532 0.0710636622365716 0.0285067107753485 0.0366105924172621
0.0590681421792299 0.0266298892377882 0.0267104791045034 0.0667844366363495 0.0367431696331335 0.0192803061359156
0.0605516428120857 0.0333810359114136 0.0100849537846996 0.0456819636448712 0.0576103021856347 0.0164561074349192
0.0466605239550951 0.0298882012709094 0.0174922605562113 0.0327367317994833 0.0190767981464959 0.0245206675510035
0.0567920904409908 0.0359707876470894 0.0161429284980947 0.0303772752396357 0.001652157125781 0.0137910334287635
0.0474758642640674 0.036424713662756 0.0301569756712989 0.0344665132235607 0.019324020824229 0.0275393160191857
0.0649616464153858 0.0415809155429955 0.0189699260260695 0.0364397296122183 0.0214995958701934 0.0238508368522511
0.0443627208186852 0.009807483097307 0.0458854610738777 0.0222490386806821 0.0285483646196508 0.0337160091328178
0.0646341158106054 0.0330823150382185 0.0189807756368094 0.0389025471012777 0.0279687840985349 0.0536729484038365
0.0708148103243258 0.0314567886469624 0.0270518753282783 0.0594070610848569 0.0291083483953058 0.0479105147467542
0.0751897521038542 0.0422782217899737 0.0527927561712333 0.0439107281299679 0.0161127483155373 0.0216623038019233
0.0587715562795155 0.0265755832804648 0.0245393689446775 0.0395885046477427 0.014769176686363 0.0319481071119672
0.0521033284406233 0.0268786395160318 0.0386053903566314 0.0513846169521115 0.0071772188544786 0.0386809694751788
0.0695778255349524 0.0405227873767222 0.0632939252149 0.0740442044819996 0.0186668400296464 0.0451085906874166
0.063700472657191 0.0253477356366515 0.037357971534196 0.0269900785788403 0.0254913998560275 0.0442689438184831
0.0602675396234247 0.0293109287250417 0.0169793533663102 0.033397298134114 0.0327205502460986 0.0688904722338491
0.0441471806221417 0.0292482071809437 0.0292482632359867 0.0510117700575296 0.0304129183509878 0.0293651569335092
0.0276639023934159 0.0251606394665483 0.0113660978881774 0.0222171052909909 0.0169744990151158 0.0100208131460746
0.018431106518143 0.0191267868322198 0.0120023279158105 0.0179766712819107 0.010080849562538 0.0035816162064399
0.0269234127576222 0.0202642708309238 0.0188784479799708 0.0343320198948612 0.0268820586623271 0.065843153378942
0.0654507834802712 0.0042175788280909 0.0141539930697733 0.0382302002927534 0.0054680048803942 0.0252912165594299
0.042092610259718 0.0302546285113729 0.0434887488713107 0.0362612398685606 0.0162498363597268 0.0
0.0350249960838588 0.0203532757620695 0.0159032068431337 0.0177872184197105 0.0241805264989798 0.0367300342582802
0.0308739914204981 0.0069212216137672 0.0206679124298407 0.0354412391763717 0.0092098488282196 0.0274422498997022
0.0406037044852204 0.0125467179507543 0.005580090890325 0.0280359836863855 0.0028408248957836 0.0039630013168382
0.049446864167889 0.0218484755754262 0.0320491300996117 0.0290672566459138 0.0235622472386392 0.0126973005143458
0.0501137204523692 0.0119828105875685 0.0299040113988884 0.027232594065894 0.0240812953153018 0.0152888477307058
0.070907584828333 0.0343552888646802 0.0375561067459989 0.0263054956601684 0.0015353911167453 0.023093873455444
0.0943961430436407 0.059492632371348 0.0748633162270243 0.1079096955677669 0.0321493458413789 0.1010397764797531
0.1475851325177955 0.1500544249058773 0.0931575922975458 0.1874482816103359 0.190072556702407 0.1252310997525967
0.2372697588786131 0.1616766569989308 0.1355110086094844 0.226585077520954 0.1554914583277808 0.1878703146510045
0.1847088671904676 0.13813481258802 0.1601881268888426 0.1876381652727567 0.0930468392668341 0.1503398737596872
0.1317510214745446 0.0529150877202302 0.0677988353367483 0.1065443454360122 0.0755603910675637 0.0846705715915089
0.1365884038833937 0.0571703449186004 0.0947892597201011 0.1393703383498201 0.0548776176728286 0.0853883746358169
0.4690151780301159 0.284058137038559 0.2394231271613059 0.4241280144471116 0.4772390311104971 0.4351674299493691
0.3475086542650843 0.3475756692943522 0.4352282782801556 0.3519571895712531 0.0911108034411278 0.3924016266121901
0.30102999908792 0.1705306981541131 0.2172466342800651 0.285373125933529 0.2200727939546166 0.2336798892967543
0.2616947275117982 0.1397860402065227 0.1527819660077995 0.2359553647784493 0.1331793064564318 0.1694293253483783
0.2499959980324533 0.1644267257129485 0.1564748173068914 0.2115764230279635 0.1683595074251234 0.0974182410236188
0.322367341749211 0.3117667494228883 0.2868969697401277 0.264131991728038 0.2736615472937437 0.396523816886432
0.4782464774884065 0.4752693486176494 0.4581517491777105 0.4507324044783292 0.4815215981935317 0.4401779549273102
0.3891945523661848 0.3347831384458776 0.3831783298761141 0.3754912401444789 0.3178814326383656 0.3188167039435126
0.3131326344772188 0.2342621065791684 0.2544376050247519 0.192465672596987 0.1593044783401937 0.2267261300977468
0.2346820527805252 0.1850248870190397 0.1505908871481034 0.2444354931411749 0.1648472152145559 0.1566504932004992
0.2034383627588622 0.1220693048369181 0.1374164851132263 0.2356925542026192 0.1557284601167484 0.0829723396087307
0.2282332843192191 0.113877996217421 0.0693497208245141 0.1562893307785186 0.138748056350549 0.1015952532683307
0.2074710394219738 0.1129900201059515 0.1505697847652705 0.1743617253816713 0.0556372201049525 0.1805841043421671
0.1650839301888198 0.1063495288232864 0.0852048263181888 0.1316434857506795 0.0739351500420082 0.1003763711264449
0.3314321362929582 0.1055913435567763 0.1742301324342955 0.2040405495817509 0.1382261582542235 0.1210744194875729
0.1860413508959654 0.1154048646057216 0.1420810423233858 0.120490346125924 0.0658298035107246 0.1193539804863664
0.1489499512011542 0.0893006714399104 0.0745673206733881 0.1444934450055563 0.124764631472775 0.1271737294647536
0.1103450651520472 0.0698957431753172 0.0522126605174804 0.0871874496477881 0.0767213887977643 0.1164978083156517
0.1359887006632639 0.04178307425589 0.0987619189006752 0.0976503133561062 0.0554959511072055 0.0745356743353692
0.1116480211939027 0.069700049913592 0.077071652140354 0.0696795439168047 0.0783654201458473 0.1144372087673246
0.1394471595483611 0.100836402829434 0.091766064770938 0.1636580321050551 0.0331966485680626 0.1389448803156635
0.1419455189246254 0.0488227674255588 0.1429477612528163 0.1096823775070094 0.1428257795294967 0.097939777609791
0.1821351460870444 0.1056246867923199 0.122188455840135 0.1537120672355994 0.1459793182491112 0.1440247421929628
0.1250968175901985 0.0750422602237869 0.0592214991252989 0.1551773776825264 0.0831645970857296 0.0439629591260804
0.1283679922834728 0.0649252821547863 0.062838458547111 0.1352379843261951 0.0448797829676826 0.1401238215548336
0.1326837912148057 0.0551903493379487 0.0488396351652061 0.1002145675834269 0.0364417493326812 0.0416279368922445
0.129392101982726 0.0379600711865488 0.0557444549727491 0.0569959387028313 0.0644043464766772 0.0285376196337433
0.1180947060626634 0.0731301985421816 0.0634472612181242 0.0917374215233458 0.1046514593004622 0.0576089302181067
0.1294251050593465 0.0509259286414329 0.0570726200224188 0.0796415944577111 0.034633801550077 0.0772666011167273
0.1214139900641048 0.0488616636115021 0.0606325015691348 0.0945113627715121 0.0423118473770144 0.073482127836428
0.0704449199730974 0.0121228767702452 0.0308500555064026 0.0295196920114288 0.0304415905587644 0.0286408924561491
