0.0578398668895249 0.0321539513959447 0.0438881559744187 0.0344180515839869 0.0388271979074277 0.017575590441128
0.0672405841588564 0.0129098474228632 0.0235038799571223 0.0084775660091084 0.046695562782093 0.0009601835392492
0.0443227545584074 0.0401636718129462 0.0220114173664748 0.0159503630953484 0.0029839338782217 0.0
0.0217705810883926 0.0161412163656064 0.013310481044036 0.0086179982820022 0.0175601193440999 0.0021833112226765
0.0600446658720348 0.0112414857965831 0.0132480719535042 0.0121341155366594 0.049022215586611 0.005871440356604
0.073190817731816 0.0366317046645577 0.0196502963864429 0.0354612028068682 0.0403092733465675 0.0455139456370201
0.041608856083912 0.0213281931264206 0.019462527981637 0.0182709906433463 0.0198847960549962 0.0202733950176968
0.0334624581077683 0.0032028911652598 0.0088026478836662 0.0183300683499379 0.0249930452726059 0.0045542533527649
0.0521052813919584 0.0111370272037834 0.0297027106258559 0.0203066171079468 0.0495759190317303 0.0631090212996866
0.0235955743177333 0.0122846848371263 0.0286827240083294 0.0159472666277269 0.0114857546225624 0.017037395204675
0.021773785125304 0.0139238649603871 0.0263417648974552 0.0155385703957326 0.0136856731340923 0.0050232170841482
0.0269347840917313 0.0272287167728566 0.0128613057737477 0.0226586399445148 0.0243586572131357 0.0247014043033643
0.0188084527474121 0.020160487481523 0.0072734744112717 0.0105358779604689 0.0282706119003486 0.0233490998015653
0.0300217079912951 0.0194011577363538 0.0177076532510761 0.0209781598684605 0.0478267605383352 0.0022969743682703
0.028279895677055 0.0143861933032077 0.0152881679281211 0.0040902323382109 0.0141087253255684 0.0057718830938516
0.0276526269072571 0.0108732999886624 0.020581442763971 0.0134144692953857 0.0130436288634429 0.0149245705188473
0.0121408801006999 0.0029040882690043 0.0313615497397709 0.016050061126351 0.0156704159992718 0.0241748668246206
0.0231997117661295 0.019752429281349 0.0282476123800345 0.0127530094342596 0.0020280769538792 0.0152224531104996
0.053342000904708 0.0252814952964662 0.0254386695433525 0.0293772127627875 0.0425553454516883 0.0297470415336829
0.0243021456836936 0.0411788070836074 0.0346783827611807 0.0190940834970889 0.0540415412653483 0.0230577046743333
0.0253612432133023 0.0102663842351157 0.0233465068501293 0.0190411939653941 0.0197514821166519 0.0180027527785024
0.0236674325508027 0.0142596051627067 0.0211439939397948 0.0204012797114277 0.0287950870093347 0.0200091291983653
0.0528365418789018 0.0181480241300644 0.0156402884373553 0.0349601060139584 0.027514867760165 0.0022337686326219
0.0311045888948652 0.0111447592399572 0.0084113231843366 0.0124005904528296 0.0259001281276943 0.0099571362765583
0.0307744971624087 0.0063315199236645 0.002227031972906 0.0251061930760758 0.0207362555380221 0.0133476357909244
0.0405869987892479 0.0248184950276817 0.0109782819321497 0.0163988761707177 0.0198886589282861 0.027577753063206
0.0710268709637145 0.0301015010731537 0.0287419683116623 0.0387408871751813 0.0571042886409686 0.0318663480919968
0.0224228762372939 0.0349191123954847 0.0181220297913571 0.0227187455194358 0.0158082929737552 0.0352208866778027
0.0660131051278833 0.010361826299524 0.0148012902468558 0.022727104919022 0.0279005109471826 0.0269528573775428
0.0571543584214664 0.0149123933163547 0.0155241824820895 0.0131581339235396 0.0492684188249871 0.0084819054744645
0.027023272113736 0.010892557246574 0.0085217683297435 0.0111440335034744 0.0176555439444741 0.0129130220775105
0.0171077818291741 0.0096562921930293 0.0172012754331699 0.0329649784951824 0.0151118365780177 0.0296147779293283
0.0412676973475742 0.0141549445682192 0.0200941616551254 0.0256258106647367 0.0087869770116134 0.0211751478548832
0.0317398074408218 0.0136548561279572 0.0225601489352787 0.0135130749234028 0.0252938932365142 0.0215257048939626
0.0169265846228397 0.0129731731835399 0.0134078475318513 0.0144478522806821 0.0250209049224604 0.0259224110895619
0.0298446352437711 0.0058183776977721 0.0165288686543058 0.024382455759857 0.0306136466397292 0.0124028894304803
0.0333086851244376 0.0181378387576902 0.014717799450885 0.011045324871563 0.0052027471652309 0.0090358738210263
0.0357117791278291 0.0236159869512998 0.0093929217228099 0.0064101396263449 0.0318165569770847 0.0314786476800069
0.0065736691786614 0.0099346309106726 0.00920411230068 0.0186772206030114 0.0054150354572297 0.0017941816081248
0.0213504757585777 0.0091981400787279 0.0049453981276074 0.0112559286524419 0.0086962720311612 0.0102732675502513
0.0620175296830993 0.0339402491736878 0.0233753526835613 0.0391475570743755 0.0490533957051981 0.0301962941247985
0.063878315551677 0.0328405429238605 0.0492946447070525 0.0092373434657183 0.0339709023815894 0.0185179248227532
0.0427605011845069 0.0204985107522018 0.0078978693909294 0.0169860307755731 0.0187492078980511 0.0163203815374976
0.0506278796980997 0.0284249660239149 0.0128899156043936 0.0215461016749053 0.0069011129795093 0.0047852898006871
0.007104618187303 0.0079151896243869 0.0077470578654271 0.0106865932750946 0.036656487134654 0.0040721054448813
0.0506442812503216 0.0126954795233883 0.0039981895042475 0.038202937870308 0.0250105701438003 0.0158997687800978
0.1032514198617666 0.039897109267306 0.0534601442373714 0.0883988471208343 0.0769326725085002 0.0798952487992693
0.0962388610241607 0.0401073143109397 0.0610138032126023 0.0410704995080985 0.0455606766768567 0.0020678097258576
0.0607482280483278 0.0158670704487916 0.0302197821043471 0.0177532560202693 0.0126742740106037 0.0329137059529861
0.0168678287817253 0.0039803296398896 0.0190973183764948 0.0144090607517694 0.0248394297409239 0.0197409344724828
0.0893672283180688 0.0224167983993541 0.0282395972170867 0.0267604621021543 0.0320505100579292 0.0274164066731604
0.0469092759686487 0.0207025826356861 0.0403928769043573 0.0205489292196392 0.0328489105146857 0.0103567772023976
0.0174574013634499 0.0043045993165149 0.0256156922582957 0.0223666663794648 0.0125101169304033 0.0204269202449368
0.0371409612539182 0.0205034604771512 0.0234387112461548 0.0299667515580113 0.0264585928779143 0.0393492888970375
0.0552496369573293 0.0242762993412499 0.0192643243026552 0.0301193637687391 0.0341703275628932 0.0238716015794765
0.0327256308759597 0.0171512101379688 0.0118405700899585 0.0226515519989581 0.0218690170993297 0.0195128841233362
0.0144900411363689 0.0033866652015691 0.0105893354826673 0.0121376478956854 0.0078490230675636 0.0161199978705162
0.0179439011535641 0.0041520869516359 0.0123631692326893 0.0081769933473597 0.0150689221276665 0.0099427732706451
0.0301697553008429 0.0051682319936207 0.0086643054921568 0.024057406276507 0.0 0.0161989359011854
0.0163116628903055 0.0160555289542698 0.0015391567856361 0.0160647126506048 0.0129012686303164 0.0166722854841605
0.0376639927002308 0.0158593715182053 0.0168452474819097 0.0166395459915737 0.0068696817866812 0.0464209053960973
0.0197949866558598 0.0169319550919928 0.0115109133815289 0.0107874955042838 0.0180160262028042 0.0345104376054583
0.0205825353202235 0.0130545629576023 0.0134794630824828 0.0126649738640846 0.0151565936434953 0.0049754984992387
0.009859699817988 0.0087617872735509 0.0119236626604658 0.0059245747922594 0.0151833886773179 0.0104332367107937
0.0094202785117451 0.0058281080605856 0.0045182924825148 0.0083228637916278 0.0028366272437518 0.0010066984903219
0.0350658231656808 0.0055398235838561 0.007260673947609 0.0146977366234439 0.0070009856416041 0.0038366805124759
0.0785653352327507 0.0011889269152838 0.0122251379686031 0.0366503084845907 0.034139190690976 0.0052121417849755
0.268298248638086 0.1066563698166738 0.1603376134406665 0.184268371800763 0.1415751006629023 0.103224647477643
0.2323060599431911 0.1329798936827301 0.1690392268289858 0.1246112343190807 0.089555745522615 0.108044447089093
0.100117717786638 0.0473189223689498 0.1205935759128088 0.0500651029068104 0.0205433534426822 0.0371468058906299
0.1009244743635098 0.0203820771607471 0.028890797118141 0.0280201574392913 0.0498422377503054 0.0096431799924131
0.1213599382601576 0.0837924514667559 0.1388829774110237 0.0888461080156973 0.0592557118169059 0.0974365011025596
0.0898822799757371 0.0117123228216066 0.135847393353876 0.0226399089363227 0.0070105261602975 0.0203539598045634
0.1066841719125893 0.0394736215181385 0.0702666990657748 0.0437735533220679 0.0974968935055239 0.0070887783619177
0.2369611196940182 0.1235822038802795 0.1497207182521758 0.1266845152886427 0.1372682795694275 0.1359325553622256
0.1916696580671783 0.108788912887694 0.1429794293776095 0.1103094404129436 0.0604159792392674 0.0851205439389413
0.066508304287137 0.0340339328679966 0.0280982236848113 0.0289279704717196 0.0246201842311607 0.0006706818663678
0.0225746118154226 0.0094582096365491 0.0276044251584793 0.0406780759689053 0.0239755660007172 0.0178873789046471
0.1426011523781875 0.0463144566992512 0.0635000804713247 0.1018657224885984 0.1544855348126828 0.0583844926779782
0.1719944750079531 0.126683983055157 0.1500024838349473 0.1148187911161825 0.0640719933968273 0.1803036852489646
0.0547669322722405 0.0471804384249264 0.0404216537107931 0.0371579447376334 0.0427159636447488 0.0031102819007091
0.038436665263393 0.0326550353697933 0.0140887641277189 0.0469319429715123 0.0781184938294148 0.0646223188465503
0.145617717807244 0.096449742020217 0.0677113711335193 0.0664133052147806 0.0995335607338465 0.0614961154807253
0.0364482837611609 0.0335822004181086 0.0257347083532562 0.0199113700410181 0.0494722568702354 0.0210297271792214
0.0564277891879791 0.0129189280894587 0.0240600914806878 0.0110085090612515 0.0292429551127681 0.0094473438022489
0.1831786885157551 0.1084341547742742 0.1165749919507307 0.0982096080038196 0.1001208932746161 0.1629531113189467
0.1542867533208416 0.0498179553700714 0.093325609711135 0.0915653211980843 0.3384827802549112 0.0875633312558675
0.1371886430208842 0.0585202422709752 0.0777456178982903 0.1424382369328893 0.090648514343718 0.1746036992050433
0.3089095249968275 0.3261998133994635 0.2230653567432788 0.3245838831778578 0.3152335418173401 0.3351080338698317
0.388054060585012 0.2966359765525122 0.3298278309249056 0.2401687293194138 0.1772102446153624 0.2224131200091216
0.2579164346303207 0.1857940598710952 0.1842527142204364 0.2183888778536939 0.1308556021072184 0.2573707485172265
0.3348208102391911 0.1932605195897695 0.2647451954968092 0.2742500737095267 0.2838390647140263 0.3242929962634062
0.1865164954075542 0.0806963829049089 0.2161936150188356 0.139474759511265 0.0716185901311547 0.118620662188046
0.0943311183472171 0.0610112949761041 0.133553737323826 0.0655041580331655 0.0144530836524657 0.0956408498430575
0.1332362594301031 0.0485333038129513 0.0968149751560689 0.0852166522293708 0.0085109740936164 0.0432602796969428
0.1114059028459824 0.1048198182092918 0.0770961535650059 0.0676914295491968 0.0608376318127956 0.0884092894125416
0.0652665821417803 0.0430608225998755 0.0652473497605075 0.0517355286006244 0.0143197902134187 0.0154125668983173
0.0567418803808997 0.0398465430580516 0.0416012002784099 0.053064917132943 0.0481523017009261 0.0208816605157132
0.0636221663995354 0.0332271848362109 0.0261725806815261 0.0301994631723112 0.0392922426523757 0.0203123202964289
0.0209034643515769 0.0081304060754904 0.0109262424165801 0.0098697080865758 0.0079887745649235 0.0098626658714904
0.0063129151949321 0.0117482688161888 0.013159430181766 0.0213329667065574 0.0101455009544647 0.01153502361791
0.075078090221147 0.0463145977273702 0.0524107916508686 0.076396830837641 0.0322804604829248 0.0573505439703654
0.1027355389012893 0.0873037350267808 0.0706889977034406 0.0636909043039854 0.0883621464226344 0.0434874435178873
0.0729352168631021 0.0284838558574316 0.0432876941644475 0.0429069962844406 0.0073825409712223 0.0342802884503962
0.0418831524623038 0.0325293820350716 0.0328063064877751 0.0146434440604672 0.0073965961447454 0.0045015812031872
0.0477034579330365 0.017984361273527 0.037923069022186 0.0335544410598857 0.0221641961160851 0.0278522420860375
0.0839638836429406 0.0717208201926412 0.0669080622761896 0.0461105512775434 0.0758837418452458 0.089510346855968
0.020789417380528 0.0079890485898013 0.0121836870445623 0.0171152100653783 0.0053706582997834 0.0201356661993772
0.0500315190455246 0.0107435188959222 0.0096992880086043 0.0308011164546402 0.0062416509289802 0.0185696795638984
0.10417752387172 0.0410734136486749 0.0769779960293847 0.0404768223970253 0.0973148135417348 0.0550420150876553
0.0902807205208042 0.0562062739203636 0.0790322899428621 0.0362132850588638 0.0470327820821875 0.0352646492332675
0.0360588227575286 0.0165931698718323 0.032760002190304 0.0191365232419238 0.0067952308111365 0.0179444865996422
0.0418737861198585 0.0386414055353236 0.0536476442402498 0.0459234420346174 0.0078668340167966 0.0376441493277922
0.101256322693406 0.021159228799681 0.0418262740691512 0.0152803516660236 0.0337099798880332 0.0178029208858716
0.0528619815314063 0.0105014802513382 0.0156892617596814 0.0332199215773724 0.0 0.0257837089036656
0.0658101426660639 0.0580645380621126 0.1653915923547768 0.078606477667691 0.1024491284757297 0.1256071831137643
0.1645788769443076 0.1033878629417297 0.151147905006189 0.1293431877077903 0.1289626256325154 0.1284373074251634
0.1807901409880076 0.0862637485048785 0.1112578304229811 0.1462099228935333 0.1174121243471774 0.1566240306768537
0.0963869771019358 0.0660465124246104 0.0398410899704356 0.0782193068251177 0.0084238986708225 0.0268983801898895
0.1012228414851011 0.0303882995354348 0.0390794331952227 0.0359972822083523 0.0285054781332725 0.0356652341127329
0.2053170864459148 0.1460465612162692 0.1874662539125631 0.1831060346109166 0.1668020601601214 0.1505538880688209
0.1052299339023892 0.0451804267149886 0.1707008699456121 0.1182504299916672 0.0530762253524778 0.1340388635257746
0.1271276135689707 0.0528111089643562 0.0673115553244383 0.0668824285728644 0.0614827728185241 0.0499225427947419
0.1048337430855222 0.0158190998178787 0.0572968227032735 0.0374556467268168 0.0880556750962326 0.0069799622015725
