0.0146163524777587 0.0094239539374413 0.0111561940644925 0.0077343303661425 0.0133697875153534 0.009166706605875
0.0150001377332794 0.0064711270477485 0.0083925306874534 0.0063676064744776 0.011389737957399 0.0
0.0086933474808802 0.0024953040912653 0.0096621622864471 0.0050962626545258 0.0 0.0
0.0062649180835826 0.003074975795022 0.0132082734668298 0.0017689827485419 0.0042321476909252 0.0070367098472688
0.0272661368986971 0.0087375526105292 0.0054468482072247 0.0062016539426259 0.0113019931416893 0.0
0.0094382659941401 0.0119539263328562 0.0112359960329722 0.0076924678253975 0.0014530275023969 0.0136677699683409
0.0107518160799231 0.0085639330602779 0.0080440160749428 0.0049762088080235 0.0107176394448359 0.013026885172352
0.011229795421891 0.006750198327676 0.0058092473988815 0.0070281630047253 0.0067769285579442 0.0197816754213074
0.01268728713577 0.0025205893053202 0.0082534309649502 0.0044299069115925 0.0013446947223525 0.0235377261824886
0.0077386728247545 0.002444318971664 0.001909987738248 0.0053777460641274 0.0065508702572317 0.0143501343193318
0.0063910803667338 0.004366096561309 0.0073135921256985 0.0051607511629849 0.0025340417379202 0.0210714353735152
0.0078658522824412 0.0159681766963945 0.0118012328913817 0.0157685187540287 0.0146524044079037 0.0197930083647119
0.0087111296117078 0.0064243512025126 0.0075835307103082 0.0025151542097059 0.0089386355861898 0.0273538950097252
0.0124288254483497 0.0096996899940456 0.0055218851774934 0.0075385154148967 0.012614711575104 0.0186024390789295
0.0164256236901372 0.0116144757076524 0.0197951956615405 0.0067783342955903 0.0111798072641172 0.0179219543850824
0.0135298985266607 0.0119892644829503 0.012348907289283 0.0091494122534599 0.0050836622536245 0.037682695804904
0.0045506304105895 0.0037355473979741 0.0102124743913696 0.0121260535900681 0.0008344016435217 0.0208825048008297
0.0071228187654013 0.0058985849156877 0.0151127394725098 0.0056135225367519 0.0001387675094954 0.0460382511784164
0.0128741034950652 0.004701220509083 0.0092738694522988 0.0073320658796106 0.0066550392654621 0.0312746778385554
0.0033262909899722 0.0047845902895365 0.015123685320149 0.0138122482714491 0.0026505960045035 0.0407439989079323
0.0098355988722182 0.0034396814016929 0.0106479445189718 0.0044016611110991 0.004017136838278 0.0130416411287208
0.0085071761008728 0.0042246195166746 0.0078267565908645 0.0072684744123105 0.0111597427180621 0.0346042638963855
0.023595182107853 0.0055031991598917 0.0070049821285717 0.0102278074895182 0.008558507403836 0.0399501297807301
0.0060848502658363 0.0048776419445812 0.0121771020142408 0.0138307341168367 0.0019789710028587 0.0310272522417101
0.0107648005396455 0.0002865310887704 0.0095666041544583 0.0045771156345802 0.0167044248243197 0.0578417450030384
0.0078028749182551 0.0073650431949171 0.0030750058503812 0.0078078405119915 0.0060515759722309 0.0450874070804168
0.013389044987036 0.0031764895933644 0.0069880988611178 0.0039644265425488 0.0030911533596711 0.0200712014076873
0.0086717929393942 0.0084065561657806 0.0100260627728328 0.0077076984186376 0.0129801880618189 0.0535693103996874
0.0154599455288515 0.0101372377080072 0.006386514532205 0.0080264453539164 0.0095838707537618 0.0448939773183239
0.0125733220176624 0.0092551234197345 0.0048290942630036 0.0062828152818365 0.0135853708389921 0.009055460976492
0.022456999886132 0.0127179904618512 0.0088867415531331 0.0098482954641044 0.0228066456639611 0.0432549623924879
0.0134082392936207 0.0054977763730148 0.0093845996033275 0.0161641776890738 0.0096459760285122 0.0265745085213535
0.0129384546068221 0.0039817108233187 0.0045743189999832 0.0080574417925298 0.0043551230849785 0.0283225280401425
0.0183750979356915 0.0054896519629735 0.0057901266781329 0.0078725430110723 0.00775120880924 0.0311339904750976
0.0123978374673481 0.0088863430297221 0.01066757909135 0.0060028677140977 0.0056836237197016 0.0175283058785659
0.0146808949000424 0.007270033656287 0.008618518555111 0.0084142600080028 0.0107117877901178 0.0371272403209528
0.0144643325695828 0.0081425302224222 0.0129144638696715 0.0066876491468829 0.0005630790999875 0.0273854921266162
0.0230495614879693 0.0100310806969435 0.0056597787171655 0.0040531115520294 0.0129869354392084 0.0200795682676408
0.0021321004929704 0.0019512146673605 0.0006245553772557 0.0044041350642169 0.0004071815487225 0.0013849666997502
0.005150016072602 0.0053177405697606 0.0033146185076752 0.0054405735352079 0.0022923340026217 0.0032845945084491
0.0113887613552959 0.0073459908739576 0.0087471022778368 0.0040304840457179 0.0110725424321341 0.012361378747725
0.0112933277430998 0.0049819037742155 0.0101613724840768 0.0092835901355697 0.0067892340343172 0.0368673319883673
0.0125138373532435 0.0057269520316918 0.0062196730760954 0.010237486818669 0.0072875333548096 0.0213747050584986
0.0151650875859095 0.0085658962870892 0.0099910226306768 0.0146408695395359 0.0090533383446632 0.0276728600576353
0.0051632998760502 0.0035568857871252 0.0054625442791096 0.002665723406104 0.0072207536247025 0.0227429776496765
0.0084649270278862 0.0012515138986168 0.0154615767432063 0.0043702775016279 0.0092287510483592 0.0654349470752491
0.0112338769174889 0.0069604082672529 0.0036555545676165 0.0076061375450923 0.0042748763776123 0.0163972222176649
0.0183254848668094 0.0051436368757722 0.0083030429343899 0.0093877004421439 0.0134078745098255 0.0076952325663054
0.0133277966793887 0.0081906543145086 0.0084422962102986 0.0067510650490007 0.0130822150215685 0.0122887638163183
0.0125874453457391 0.0084430215603634 0.010078760278286 0.0103331599723672 0.0214224727948047 0.0189930349552431
0.0349944741474636 0.0271221365063474 0.0126617701188413 0.0121014568058777 0.0279660610848235 0.0348737841942324
0.0156450381848248 0.0148224002140909 0.0127674611893415 0.0153524305251423 0.0288533867903938 0.0178606288431566
0.0127097080199297 0.0109147954374705 8.905850502269232e-06 0.0067928452798507 0.0059186703872398 0.0476910550773567
0.011307221682935 0.0135070729513475 0.0137964398108325 0.015507908101765 0.0132029277317812 0.0283563339628963
0.0079741624581768 0.00429898635887 0.0107145105201268 0.0052558387285438 0.0037731146663994 0.0211291273660587
0.0111524092310406 0.0117886880115 0.0113364955803192 0.0078415670383967 0.0202968536259578 0.0380087712795247
0.0135301608566456 0.0108362599983351 0.0075128808344362 0.0065173395365614 0.0007102844819324 0.013121993840597
0.0167539417728812 0.0100154918546781 0.0079156669922763 0.0070669373445826 0.0102862122767373 0.0243775377424426
0.0159214737483725 0.0145431488886434 0.0080210618867437 0.0098058426821635 0.010309385725279 0.0170671002715692
0.0093904589406086 0.0026409511658198 0.0039639311751667 0.0032104573994836 0.0048424082134019 0.0213144363782719
0.0213249313631271 0.010165100177858 0.0083972107038672 0.0063537713475273 0.0056894582440231 0.0081175521699714
0.0111989438838653 0.0089818691778893 0.0104960088585474 0.0054559553333253 0.021537595753184 0.0280418679098125
0.0083937164156092 0.0085944772386118 0.0068998419208354 0.0028406174413422 0.0027081723893421 0.0173404985056288
0.0147935567613598 0.0049948053606516 0.0053961117012726 0.0028003741836143 0.0030075749506158 0.0176056434448223
0.0071615562965132 0.0030710883471612 0.0035514152475618 0.0041414148965919 0.0121300305292422 0.0177689291143396
0.0155069334438718 0.0039476669067844 0.006457382354673 0.0051376260869367 0.0006053911826567 0.0069371986558658
0.0102828288282785 0.0032233847024921 0.0112921844411697 0.0066483261435912 0.0108862984851795 0.0175933245620167
0.0080410265505746 0.0104005801763297 0.006501920836577 0.0063641458869725 0.0042836686887099 0.0249787025149381
0.0082191246876214 0.0078330015924074 0.0045072469540568 0.0104731399014172 0.0045527877437269 0.0293632102508138
0.0109139768710988 0.0039589480338442 0.0069487839527136 0.008749686832342 0.0098404118507906 0.002027982954672
0.009722006671963 0.0035847042245926 0.0032288645928519 0.0057135029643177 0.0112282296741889 0.0193823720412532
0.008889907824393 0.0041540291391155 0.0039795289162003 0.0062346432952095 0.0053771976710719 0.0383420460719322
0.0098463757810053 0.0119637096122597 0.0138683556502093 0.0061666552207397 0.0141190910709091 0.0422375105707612
0.0057589510441299 0.0043883449888859 0.0089523723770714 0.0067379354516358 0.0107470814320999 0.0490342761354475
0.0082209793078431 0.0073253478231802 0.0067218956987875 0.005051472768883 0.0060200804543832 0.0246214015855917
0.0040639967781308 0.007912499141631 0.0039626896182708 0.0080431160291573 0.0196133604062414 0.0088160142253364
0.0123582169784209 0.011545874515409 0.0017342555789062 0.0091854004301757 0.0183868906818313 0.0122463336855557
0.0076560463114605 0.0093967689727584 0.0074742245720971 0.0072997325754613 0.0091107788658504 0.0109214587450745
0.0088476472727114 0.0106722877318671 0.0076896115462787 0.0026588880212444 0.0143458808908967 0.010588509638923
0.0026730545297737 0.0025975628468067 0.0056820776508346 0.0040248280861058 0.0067236428771717 0.012684026426116
0.0088055354010874 0.0142106910564482 0.0077020200306394 0.005863586566041 0.0135514836879717 0.0079805067582264
0.0069151481594386 0.0015967607803213 0.004930252697807 0.0037169127286124 0.0144997611198266 0.0653644855074898
0.0154217025049906 0.006231076866955 0.0059290530686455 0.0073417093745744 0.0033359870478529 0.0178552476029023
0.013490113883307 0.0066317560618704 0.0073102040666281 0.0088837224515014 0.0170558237008515 0.0248921365885251
0.0169824752860416 0.0059955089745189 0.0150393928954665 0.0037419101694655 0.0051305485296648 0.0228791919009507
0.0100121520437706 0.0057951481318442 0.0039540388400993 0.0035695930611063 0.0068213673390018 0.014923862350391
0.007546052132399 0.0243988589345667 0.0107311733181398 0.0037500069035188 0.0142081054990851 0.0546294907434906
0.0125279514225473 0.0109463016350783 0.003289762062988 0.0023141575583457 0.0026793024278273 0.0271883594738579
0.0083976510251798 0.0074356458142211 0.009172275463576 0.0045264728623877 0.0041032932913276 0.0139634364851231
0.0075559943253309 0.0034141831304498 0.0048029438457981 0.0069101471109169 0.01057219833837 0.0169365345317493
0.0052310067982795 0.0090999780662414 0.0050126373268124 0.0040929969944578 0.0059492538554082 0.0135990960984893
0.0139256373021946 0.0122429441509404 0.0080995471758645 0.0087181473412877 0.0031396061619561 0.0086374923981928
0.011935087467391 0.0200842323370783 0.0080753005831166 0.0110269042170353 0.0125142477745682 0.023828961872542
0.0019584490797907 0.0014442632799266 0.0089459422974762 0.0020226097745957 0.0032514906217228 0.0115581179091208
0.0072642092966806 0.0027481433898613 0.0114366959510832 0.0080760405327952 0.0121898294860352 0.0502896010730852
0.0108030411026349 0.0095421224760105 0.0047831327379037 0.0067945476908356 0.0091400434250646 0.0093548079506239
0.0147119058602596 0.0193164144554432 0.0049433255940403 0.0074958780979037 0.0034872920923657 0.0208213644909984
0.0114728165581338 0.0145412697729718 0.0054567025984039 0.0072717634903209 0.0096128989937558 0.0101493213002189
0.0382035196627858 0.0369244885817755 0.0420210587408026 0.0511217965569976 0.0772973777540182 0.086582869696303
0.1689855151542101 0.1535008456988384 0.1959044002557036 0.182343153913403 0.1895533379913904 0.2338267700683947
0.1532910559158193 0.1804195948965302 0.2109243763099274 0.0879729472493827 0.0504520056377365 0.2637933981969991
0.2316100325761811 0.1771783468649465 0.2415888234457785 0.1705416184742265 0.2517899463548587 0.2359342539712026
0.2305954774388367 0.1324668749929146 0.2047088657322318 0.1345023083053785 0.2551056476797407 0.2184541816744535
0.2353852088145197 0.1098024373546206 0.2056987335336598 0.1146755965082175 0.2104021571423829 0.2547301657301098
0.2117813652456667 0.1834694928702691 0.2134425428544927 0.1110104338271595 0.2019413034788326 0.1793803771010491
0.1964908649611274 0.1673359289212068 0.1003572509937441 0.0888008901469223 0.0778495508765966 0.0928545748234953
0.1332041141832312 0.0698987228182028 0.1214284770824641 0.0594829103685109 0.0653416287095331 0.1227823687707247
0.1996299771099331 0.047523339251599 0.1458109027431748 0.0190723058685186 0.0009610909518876 0.1112647502098567
0.1254194150709202 0.0911449119160336 0.1409790039008722 0.076542280074767 0.1070291865198813 0.3947202544072862
0.1356363558711214 0.0623802899772522 0.1048839770813791 0.0515241624738091 0.1950434488469841 0.1297705487025351
0.2224424363252442 0.1562399199305002 0.2016707371375752 0.1162333158867053 0.2471573718548078 0.3151577858128513
0.2748968456713745 0.1072310627672952 0.1775137570037631 0.1170311937351572 0.2419398590958698 0.2382168729536282
0.2032484764280315 0.13863676183877 0.0952974993310342 0.1142353835108098 0.1783699234918671 0.1696357078012282
0.1373286708101719 0.0718036815360508 0.127730697955954 0.0857454370751531 0.0534315970111326 0.1498191529462558
0.2247020837963937 0.1054530507102186 0.147381550032151 0.0642953471184116 0.0787179786582391 0.1386348493516805
0.1664468760420924 0.0879096202480598 0.1047414716610707 0.0420218921410166 0.0931400731203047 0.1331687983425575
0.0981099634829567 0.0199438694467311 0.0462730483117552 0.0805986835296564 0.1233776009254462 0.0562735844855586
0.0408358847649552 0.0284665307570327 0.0307106685606769 0.0316430841464562 0.0144680099077694 0.0062565957229075
0.2049417325826954 0.0761124941222718 0.0804054510760774 0.0808901740691645 0.0901423717472765 0.1514597535601074
0.0736180009347066 0.0879450058909327 0.0671577422092409 0.0408718100244366 0.0554627595722482 0.0705770097773174
0.0525615724929917 0.0844517074520517 0.0454867738239672 0.0785078842376312 0.0750528574910853 0.1209206147976206
0.0541892394256466 0.0121017172670949 0.0242183262018514 0.0265198398399918 0.0190669378816172 0.0216234940789762
0.084214745665122 0.0804487550706723 0.0401644276988574 0.0530432928598755 0.0729753789621302 0.07383734292184
0.0625446000701567 0.0076176408356123 0.0448841220369529 0.0155123228123602 0.0700446227377391 0.0519415576193384
