0.0532377259875665 0.0962371844244279 0.2721432332697943 0.050774500366977 0.0512941079333342 0.3093932669387004
0.0476822113422172 0.0631896141758663 0.3385710566998604 0.075471002012835 0.0763982078681363 0.1929928334680459
0.0500744803850013 0.1316562414328327 0.2024059014031787 0.0863526235494756 0.0880937935983817 0.0738172023792053
0.0765348004214522 0.1313978938466871 0.1690530024312868 0.061064411720705 0.1610231711104228 0.024803816502216
0.0634885508610452 0.0705458009146738 0.2409079883941871 0.0463519280885832 0.1058167006200924 0.2119296277931281
0.0680513488563862 0.0792923253871212 0.1705151734869381 0.0661510495145647 0.0410480619088184 0.1528515210467964
0.0611633667016175 0.1060254676615541 0.2151872084888809 0.0986285661222048 0.1893051989943236 0.1066932026689024
0.0743250154741456 0.1153419832156035 0.237870094716212 0.1385264442478545 0.1178547778537448 0.1690481613239207
0.0544107718585672 0.1162665133674332 0.1951542975510708 0.0734804800510818 0.0861523029760117 0.0833285843119986
0.0405639614981623 0.0381316958017176 0.1390699310302533 0.0449955464576346 0.0881056352050992 0.0822801428185564
0.0398751102018056 0.0849389728321017 0.1657653489736596 0.0616987598076808 0.2047929755365798 0.0516952131393341
0.0378135882576563 0.087169534855789 0.1023072864195057 0.0646575179304297 0.1204820688809577 0.0502693813110059
0.0273615834280389 0.0480031735070814 0.1905969978207324 0.045522907125155 0.1013907217260402 0.0677757400124996
0.0367961020472546 0.0616716168793764 0.2096173587874519 0.0441924843481045 0.1525980433257046 0.0591105012078281
0.0403390726519895 0.0688348232814418 0.1717722773121452 0.0428846089305897 0.1113051852871114 0.0919988100144069
0.0400875918327257 0.0507665449304073 0.1372520631278814 0.0435943069586189 0.0590380802156624 0.0763586535712428
0.0511749916889988 0.0707658353010834 0.1335667864708184 0.057402073163513 0.1521327043056069 0.1316881878787272
0.0338854454858223 0.0761771404667727 0.1636933302301826 0.0602722498698782 0.2220297955416661 0.092695140391473
0.0318916485468802 0.0378735743359544 0.3854182751873723 0.0788319633272217 0.0908227070431108 0.06821362171938
0.0306830129405317 0.0517687019693334 0.2983594151933479 0.0386754514781579 0.0756561078171242 0.1149529932326932
0.0491624282701608 0.0950351780066652 0.2402397250595969 0.0850463055453054 0.1549522341141162 0.1134275687694939
0.0274059193550082 0.0634117281948923 0.2904938214345108 0.0570427209170815 0.1099384187573353 0.0980388209323058
0.037962759886819 0.0434825356240083 0.1992565465322537 0.0903375592674365 0.097685182131815 0.082600584823402
0.0689080289328245 0.059134662049368 0.049887551739634 0.0683669972767507 0.1038355116745065 0.0531211160042675
0.0277696549212071 0.1093316269639749 0.0582195510588583 0.0567727943976791 0.167471184634548 0.0513705519783839
0.0263836879022441 0.1222183118925674 0.1090421963990164 0.0525581774239392 0.0996940820314949 0.0916839101320936
0.0268761836435839 0.0311419368959633 0.18763599438343 0.0482720670411104 0.0624962695325936 0.1165663116732638
0.0421824466827247 0.0783582847050762 0.1781197000618984 0.0558305475485501 0.0640592814195218 0.1035717970729236
0.0470487228338901 0.0860837588455134 0.2204696005913204 0.0544641925234486 0.1512449571432207 0.1090690131650443
0.0543982464422697 0.0874283548455508 0.2114228565175307 0.059192067479669 0.1589935849032186 0.1089966121607292
0.0524310080552478 0.0820347505758976 0.147316619170291 0.0810433219169537 0.1497391016980382 0.0475858577630149
0.0499584905341823 0.0711665879781896 0.094715385954567 0.058851734611988 0.165982565105216 0.0577006336312393
0.0434847442774343 0.0850694850186867 0.1681572705197608 0.0382136188940735 0.0732000452607242 0.0567623727437981
0.0440748559132031 0.0561169910189586 0.2097914842835767 0.0663160512385372 0.0950075115605471 0.0684105051384738
0.0575043377446574 0.0767342724157823 0.1505752729721362 0.0855148502172752 0.148546811756764 0.1013812084273451
0.0294829346538255 0.0991636212952565 0.1545232854679451 0.0567664060663252 0.0721811784711233 0.0576149528156748
0.0450126946267494 0.1113922903920695 0.1905780525516271 0.0894376128909755 0.1429984291883634 0.1481823827481232
0.0467334811008684 0.0950185444288579 0.1155608725382855 0.0374590498275204 0.0553832770868935 0.0534328222790253
0.0207837657676016 0.029653747690499 0.0734447171477816 0.0396903894948696 0.1258886253133205 0.0279194350458675
0.0287768786041582 0.0536451680080925 0.1193770370784646 0.0462919750842451 0.0587951239022992 0.0496339052582164
0.0506853035813104 0.0620487889424262 0.2434326497233652 0.0459310629845443 0.1388099022361942 0.1331431847580387
0.0440648370962925 0.1106859082614866 0.1152251154283983 0.079054848780025 0.1081998154374267 0.1002192529604338
0.0427453362815019 0.0526612023738778 0.2415662134457041 0.0514786818182315 0.1265679281898566 0.1334505075367346
0.0365046558514661 0.0735503605285566 0.210791661244665 0.0705790008364833 0.1400360717962845 0.1076144049257602
0.1239266978002694 0.1393485768045112 0.2805830408288927 0.0828688730153142 0.1626424177299338 0.1587168119833646
0.0444410660025032 0.1263316690928254 0.1894806594391573 0.1039802086914415 0.2202479323472209 0.0758505727619615
0.0530712570256266 0.0894974581852691 0.1848896459821685 0.074658521257047 0.1823647256091431 0.1818637251156126
0.0553821570282235 0.0596400669335514 0.2049512741127148 0.1173301993367257 0.1131797799122396 0.1045687486978969
0.0439379248870183 0.0627205857175931 0.1980766552952313 0.0538529907260114 0.12903188473041 0.0952366592761758
0.0333995574926279 0.0255571916578365 0.24865812746775 0.0569284998234859 0.0792668859594616 0.0898389338200483
0.0549519766549916 0.0632104599762251 0.3373083326425509 0.082323509001458 0.0502562528657259 0.1616024602634097
0.0762037274286375 0.0819155094911588 0.2580896439635938 0.0866473642510965 0.1580836814767713 0.1629037715336959
0.0698285727843794 0.0981834806260204 0.1651095323296133 0.0940738951804898 0.2165416006934482 0.0878861681801056
0.0808185769036826 0.0900462704939158 0.2774159632439447 0.1294792560884686 0.1899096278376902 0.1087024950859412
0.059241918659176 0.0748659706080189 0.1477052341318619 0.0951581965584532 0.0513242593372939 0.1185768844976067
0.0640729387343533 0.082566573536268 0.2288500448770626 0.0816119430081251 0.1207331067915801 0.1226291373103928
0.0422676862397564 0.0662623113774893 0.1284512092019913 0.0616733802150989 0.1142995778751576 0.0790970871631733
0.0464730922216184 0.0921811777322541 0.1561060770691636 0.0765185834433053 0.1527955817536422 0.0835558253099132
0.0622668814626611 0.0898311288491152 0.2063521675097672 0.0609945212156343 0.0016945205011803 0.0852333613190756
0.0405361336278366 0.0713299392440245 0.0224150264729097 0.0532870404727617 0.1493494689652671 0.0411522105115216
0.0582332846837724 0.0655878992602747 0.1803057072422512 0.0532278692248164 0.0545616699538639 0.0822921105403205
0.0675936823536489 0.0712646989680514 0.3086000817560974 0.0652980093530923 0.0719485889422749 0.0780694428907161
0.073545980854429 0.0859542376601985 0.2083705158863547 0.0843571105555006 0.1424574483688044 0.1175054574158304
0.039006822195664 0.0480732133896145 0.0996384944531974 0.051559461102596 0.0753879992963582 0.0457218602106965
0.0419174552595388 0.0441496267194869 0.156139577590836 0.0360563356178637 0.0949980107686676 0.1037981854279173
0.0435089072718069 0.0567252570179935 0.1990815502260909 0.0637927943478274 0.0431233336362035 0.0524356209635591
0.0438491212917879 0.0527025425825684 0.1033635286309999 0.0463289991036227 0.1550410275652164 0.0570906889801313
0.0452465886407656 0.0980909106266988 0.2482533843261246 0.0372118231562472 0.0693397885450974 0.0961418263950223
0.0532337068982406 0.0725564534811806 0.1864431027383466 0.0377217511487298 0.1012765942519319 0.1238467649485148
0.0460991218427115 0.0693330795754561 0.1151268554567311 0.0319662564948041 0.1030704654391695 0.0918540369745072
0.0336963284155526 0.0380625086046921 0.1180767240646623 0.0516122173608247 0.0993476462381795 0.0663468611553929
0.0696196459115062 0.0772490256097211 0.1593661344195925 0.0621456125192455 0.1734062108304038 0.0761876239529351
0.0356552528436371 0.0487345219477628 0.1496477108678941 0.0387004828013131 0.0823590928909037 0.0378847959997574
0.0808636451811177 0.1160491269506498 0.1027397679569942 0.058437094547552 0.1384989181667317 0.089147192066819
0.0530127185251415 0.0784148278809017 0.2658632107767505 0.080415625179211 0.0866319702337398 0.0884245434412997
0.064673570014737 0.0882382097356466 0.2581428432945664 0.0803713018699487 0.1997303424226006 0.0919963712991385
0.0581405829415761 0.0889133629120093 0.1510367219385417 0.0657953898738642 0.1857002709884958 0.0900986233737611
0.0609800573499722 0.0612931786984116 0.299541781962241 0.0515030564982012 0.1027753264407416 0.0995232863764447
0.0521278531132518 0.1129801757645855 0.2456200064541447 0.0346974345419902 0.1993354961352088 0.1816731786170906
0.0404863606459 0.0609537777513298 0.2286728094866289 0.0352197505511977 0.1333797475720191 0.0369971528885092
0.045518539355898 0.08875025682243 0.2653986474770481 0.0419549106011573 0.1561720813554716 0.0586049984004856
0.03450921188123 0.0999126164617737 0.1771294893984472 0.0325715706028927 0.0672612694006713 0.0550341558012563
0.0402374009104082 0.0401826292690467 0.2510469271844572 0.0740246316966588 0.0992800462790395 0.0702380162804516
0.0408151187686865 0.0742771364126309 0.2385483007527098 0.0702258214942169 0.0875039611590982 0.1274759958829403
0.0388708771561661 0.0574788819731862 0.1862226946169156 0.0464895482623456 0.1057748837563776 0.060243097948622
0.0366827449745593 0.1435670724321182 0.2029974000300638 0.0681635511212285 0.2173114740611815 0.1021569299708671
0.0719998196283365 0.0879524563778536 0.2089109686817951 0.083172138194025 0.2372388186866906 0.1347606511225051
0.0509760899918908 0.1356217153509583 0.0622068359810003 0.0681620015508814 0.1843551006321941 0.1000697729278554
0.0240098671091096 0.0230833695814039 0.2273977945741556 0.0236499146344917 0.0661410988078873 0.0591549240515479
0.0239400862424215 0.0563380030748376 0.1975275678109239 0.0484227926969003 0.1017672022122579 0.1143560953414294
0.0380391971975212 0.0724452298538607 0.1538753505705075 0.0538834392454685 0.1282510928235649 0.0765925596055904
0.0124371897455458 0.0652930759003835 0.1547057671351593 0.0380041327480824 0.0831061267875392 0.0845528870349182
0.0333960962087063 0.100754649902938 0.1717304618000305 0.0575331421812503 0.1085051092794055 0.0367031866719777
0.03598873717256 0.0455132842375043 0.1521864622883972 0.0502730395627648 0.1252951842341968 0.0547963769915509
0.035929200654927 0.0504944531944031 0.0673744677599617 0.0465368098748208 0.1831261951071472 0.05902543169894
0.0498689017613833 0.0727666111418726 0.148260080037698 0.0827063430597284 0.1535395580212607 0.0418728667928111
0.0461709700660998 0.0531304972920075 0.1867686483534638 0.0729807915577693 0.1226667642904335 0.0528310337028184
0.0705231436897311 0.1066337457943322 0.2218273325889539 0.1022665946182178 0.1903263686713502 0.1436197418587731
0.0404060086242403 0.0380699711478021 0.179441985673899 0.052817992356185 0.1012484866740373 0.0449401494604412
0.037040295904095 0.0294309164046121 0.0697498024587268 0.0315588942957309 0.0414921006386789 0.0380740335042233
0.020865738659244 0.0194365418341848 0.0485644175792986 0.0383557739280982 0.0454676339270825 0.0268807619693893
0.0058516205373012 0.019237592834269 0.0124570238526218 0.0374948620750527 0.1734006417824152 0.0239597351532951
0.0289262244964204 0.0497343311422354 0.1331688726532373 0.0608651022993349 0.089275773700594 0.07361972714008
0.0393605995212005 0.0737997674128219 0.1573393264145147 0.0587235822582273 0.0837205583170079 0.1033932397352535
0.0475416433254329 0.0697955651765595 0.1771499828152376 0.0636272638875397 0.1001866188879447 0.1017621451889685
0.0394682301952304 0.0507568353235236 0.1979800145812333 0.0451999681005439 0.182360468587585 0.0855630339153173
0.0467298775874835 0.0565461872015196 0.2176755616876267 0.0722842039133716 0.1035382956978648 0.0724640483959778
0.059732299016807 0.1213051790855956 0.1967550321319111 0.0782390904218918 0.1467496715572711 0.0542219809097022
0.037258193251714 0.1202607714575225 0.0981828615158992 0.060946993645491 0.1543298829346352 0.0754094586671707
0.0547350738863743 0.0807452235147507 0.1583533949102485 0.0669023940986921 0.0589286923223383 0.0300607352939819
0.0485007574712437 0.0703598204432278 0.2142832390318811 0.0758008546663382 0.0908840659156698 0.0451240648762992
0.0536312088800089 0.1111527263998965 0.1889429935964841 0.1373461123838957 0.1411999787230974 0.0802602439858409
0.0509338486814813 0.0946562255134517 0.174572516727223 0.0606668694017063 0.1284979581381513 0.0990690817590466
0.029474177458402 0.0795486256880291 0.1454436383751537 0.0554916597569483 0.0999628637785056 0.0502086771289661
0.026710144691262 0.1262946224784255 0.126750188290326 0.0465653582611156 0.0183314135735484 0.0745561253557238
0.0385707677809081 0.0521520109988477 0.0957320946928627 0.0597805175905634 0.1024882370030943 0.0382397785993284
0.0389971179973796 0.0803956952686841 0.1890237351393298 0.0317170601020077 0.1063089936883067 0.0246345752123352
0.0305599137168195 0.1296381552780981 0.2597296683400136 0.036342458945826 0.120168366987807 0.0239466055533444
0.0278754187647414 0.0864795392379721 0.2452004051484619 0.0497838032305363 0.1334539088331832 0.0631262982574719
0.0194867226572932 0.0872385498716883 0.1390587913481506 0.0543114797291891 0.1643854039791303 0.0682181298091847
0.0363406244768464 0.0665324991583377 0.1569571139589394 0.0482255814043851 0.0817865717444477 0.096780728997607
0.0365819324092309 0.1107171218557106 0.2161729594373648 0.0465558503247399 0.194280945912656 0.0524150375052301
0.0553967919872644 0.1528890871083753 0.2241662872594445 0.0676682292443851 0.1950242317935445 0.0607659260296586
0.0478411244696133 0.0521494229857318 0.2411628818322862 0.112366118802328 0.1195087774020386 0.1233867591298001
