0.0289017388249782 0.0174926044525455 0.0097205182278071 0.0172225092050242 0.0393392767295151 0.0325946518017831
0.022606838189042 0.0117356845340441 0.0120014845450093 0.0192372030097335 0.0319819238970031 0.0014238803304555
0.0222380567132863 0.0225027289638667 0.0082671169832838 0.0206226022323794 0.0297391907276241 0.0
0.0279449904872233 0.0221946762433268 0.0248268539660418 0.0222226631728578 0.0155810040742621 0.0085358700669158
0.052745736038515 0.0620312387169311 0.043329518009305 0.0426338415077315 0.1040651870379051 0.0453374223641355
0.0635840086491402 0.0278653838659677 0.0118770123354241 0.0407823965896867 0.0038940797487606 0.0179472464755066
0.036392231824911 0.0099538580739452 0.0189766256680875 0.0243111484779597 0.015660429495698 0.0647927948469575
0.0262316951093012 0.0122038306301931 0.016285113255537 0.0272607215084727 0.0109335492947198 0.0070582916310324
0.0532164939854865 0.0628094272755871 0.046372935388695 0.0734419553061239 0.046745474481349 0.0935716458167818
0.403248060546827 0.2345081958587139 0.2824697533770653 0.2542136652864023 0.2366185256987294 0.2650460297530502
0.2545269772377878 0.0720159390751918 0.1473583535588392 0.1781180760717483 0.114455847440186 0.184013697906331
0.2080380905999736 0.169564463314511 0.1817620445342018 0.1789259673626989 0.1831946604826535 0.1447247334016021
0.2895173118267311 0.2194997072380596 0.1344111686370761 0.2424074200896923 0.1642289453209702 0.1850928305086764
0.0888370176288221 0.0705715817670853 0.0481129584080502 0.066510212292214 0.0139457692044911 0.0051584632836901
0.0533396072196143 0.028661290186062 0.0275656566646148 0.1081473353893764 0.0594213178572014 0.0566365409945369
0.1643013203067928 0.0732579232294882 0.0870793954262082 0.1341352957857597 0.1629224647979094 0.1559026592083745
0.0310444096231786 0.0345220472057977 0.0693078003504566 0.1005152575767578 0.024888196142486 0.0791767625293996
0.100983588649837 0.0342592403682516 0.060662786691626 0.0275806211594511 0.0274073499437864 0.011264766439726
0.0473923851196413 0.0154473108154995 0.0447422137834283 0.070845538638455 0.0444888893794811 0.0329953480393948
0.0647373935253155 0.0061461602988289 0.0308068887750662 0.065125233389941 0.0226286255860252 0.0138112554626856
0.0587932973117672 0.0378539709072876 0.0400633985780294 0.0417598275314938 0.0667085608876534 0.0415720050369909
0.0420602333026939 0.041451139623624 0.0508175943186073 0.099369340768583 0.1068646895973791 0.1569482010476836
0.0526136317869297 0.0503451427136094 0.0502447027779945 0.0661460411845515 0.0427443930418836 0.0093401404996474
0.0294049295280243 0.03872271802636 0.027194465927015 0.0254632188942461 0.0287867838394111 0.0940257557060644
0.0471457737479922 0.005330558758845 0.0325143959667688 0.0517960080715702 0.0163263185774594 0.0216581405785219
0.0536786922751001 0.0261129650817075 0.0311481168409457 0.0198470926890813 0.0313420835621467 0.0284802761350709
0.0312445089683211 0.0344455944806708 0.0246715410258731 0.0287333750695877 0.0114291100255567 0.0142693407530818
0.015020623309333 0.0297697932970141 0.0105103584672209 0.0256782326308483 0.0243959657090037 0.0154844976680988
0.0364491734057755 0.0233904820909667 0.0187599887447431 0.0243452005074523 0.0127173815509411 0.0342497456313413
0.023642145888141 0.0273654763149958 0.0105516006554224 0.0169816038250075 0.0132533151256465 0.025670421394768
0.024221296399346 0.0085293443835393 0.0104705855077063 0.0197449180188328 0.0199143795123586 0.010591019254357
0.0157307637879601 0.0286881824443079 0.0150860108546248 0.0176723385485125 0.0120898327653714 0.0330033615829478
0.0126137066052283 0.0381145258061293 0.0245067727017035 0.0302539812826267 0.054627494142166 0.0351145714326788
0.0297778540643559 0.0315069091341654 0.024509957320441 0.0407826169629548 0.0267547773700748 0.0297113557468698
0.0105124123836572 0.0108769375076128 0.0236118584036838 0.0152507076920489 0.0091541743991685 0.0207391755560927
0.0130927518776076 0.0217832422622941 0.0084771265408972 0.021868952183019 0.0283626429147767 0.0176626662575826
0.0198400469556246 0.0177945914676872 0.0145703031352368 0.0173378394367823 0.0125362977335234 0.0147450733432633
0.0354412177163935 0.0289353451579207 0.0281329505891756 0.0464930681434733 0.0271732316015099 0.0226783626460105
0.0285813590818015 0.0263852897979264 0.0242055993542165 0.0243448221054497 0.015741540844414 0.019171452638521
0.0184361037936946 0.0170149455402807 0.0113471807640228 0.0224530120396394 0.0253633348331874 0.0188219403743468
0.0424574100369046 0.0197826007423884 0.0291595997251002 0.0193238139866839 0.0124352076378329 0.050263752685491
0.0335310359500764 0.0288090431235645 0.009515933429789 0.0284468545614223 0.0179777739897563 0.0144721801186075
0.0344810343071816 0.0165427074725268 0.015350657660178 0.0244270746907959 0.0140891858732143 0.0313198839333059
0.0333983717694448 0.0324714780200624 0.0172525666828899 0.0303797694808409 0.0583827297104456 0.051618678450049
0.0148573102083352 0.0213812005523531 0.0129938407087041 0.0187442965475881 0.0269064360804572 0.0148053863243137
0.031078077250132 0.0159233429204689 0.005818131914071 0.0170404408630824 0.047652292678291 0.0194622854922166
0.025399443227137 0.014579219091471 0.0176467983217171 0.0210242237904678 0.0207494832431623 0.0116620968805058
0.0228219759750578 0.0259109476997394 0.0298752484380899 0.0421270320258928 0.0258869140602828 0.0398570379033186
0.0241919807703242 0.0185785480094514 0.0225590265776598 0.0225069164046999 0.0684769078710302 0.0173171879741358
0.008902717125033 0.0148442163740104 0.0109510940601024 0.0295291930566867 0.0350164957007269 0.047105623260396
0.022166985267553 0.0219589168320019 0.015671461677901 0.0408059692831909 0.0350987699534505 0.0307674578516872
0.0237944836202925 0.0204867014112235 0.0232959866377142 0.0189424817397751 0.0265353006636588 0.0395026824459425
0.0204650907414016 0.0102168507705603 0.0240061282924818 0.0317158961293447 0.000282402378159 0.0130486380978187
0.0224194846575348 0.0121038714536507 0.0289305420069324 0.033207883618857 0.0202236581878229 0.0208990692211744
0.0225905550656493 0.0299659017794762 0.0137818733219536 0.0269451837592434 0.0078527970642874 0.0134872118822404
0.018933580043207 0.0082099047561132 0.0086491344144795 0.0204474182343173 0.0115621915524594 0.0151269103160357
0.0142476336665931 0.0144738070160361 0.0132693261659778 0.0302698357521835 0.0116328863096485 0.0157642655789821
0.0112532045937133 0.0091962013554112 0.0107279474012261 0.0214943006902062 0.0130816495181224 0.0133136384735191
0.0155380500767728 0.0200126066380177 0.0129297585793385 0.0299413801208108 0.00487728463687 0.0103762528160626
0.0123770103037476 0.0174616673101748 0.0053214356121213 0.0230914683976567 0.0223827012389075 0.0150248186842247
0.0405334808336473 0.0369881271102358 0.0120060692286991 0.0479600961980812 0.0169327944898903 0.0101964816729315
0.0298276480586686 0.0186396592206736 0.0245710988882451 0.0352148581443487 0.0606517792201459 0.0557069101070362
0.0371195097220356 0.011044868817626 0.0111388102765496 0.0234336700910453 0.0051880974347725 0.0125698096639011
0.0355408764979856 0.0322973635976824 0.0233438519216361 0.0381487935422532 0.0270417881663507 0.0359266639429317
0.0557637119617307 0.0338371507773718 0.0370119433254698 0.0203245102733988 0.028147948983702 0.0288401522282367
0.0226517203536594 0.0201759511211977 0.0080524590960333 0.0291361851107141 0.0305076876794744 0.014456583796203
0.0135735833480036 0.0211404121734248 0.0177238466287863 0.02027321471895 0.0097073936726422 0.0254401397101067
0.0267992097488015 0.015204497583474 0.0165587360801496 0.0206262157081586 0.0439021522291676 0.0188389923121927
0.0321790720363742 0.0220291755060322 0.0191905117698583 0.0197195534102148 0.0365159540544667 0.0296899185882879
0.0258859042723611 0.0163632819189224 0.0202669178564895 0.0345963641285595 0.0417291573036648 0.0324433522531707
0.0127816063897945 0.0175278370542198 0.0176197572680671 0.0312511839347292 0.0201480444094074 0.0345158658789783
0.0378060048809999 0.0266792888843262 0.0300185776848665 0.0206490050602911 0.0395838178620133 0.0255962509007971
0.0236514471185597 0.0077103147062692 0.0258469815733727 0.0106492876090441 0.0244351928068996 0.0191484363945212
0.0223606747061042 0.0193021079431995 0.0107183706903855 0.0271441648842954 0.029815811716161 0.0174947884189927
0.02879819128971 0.0226176482218471 0.0259744884075318 0.017431902421924 0.019950424598984 0.0274087363769916
0.0159144187889388 0.0171003271488023 0.0093153625574532 0.0220310714941928 0.0166852849600195 0.0299860163800794
0.0320971008378329 0.0286120090861702 0.0283192450405274 0.0371899122709186 0.0491975713637204 0.0777702581411458
0.0127331876465194 0.013969748664875 0.0196687143612734 0.0338620216479737 0.0138425130584553 0.046748363300265
0.019828123602976 0.0066592578422085 0.0173851515363757 0.0068627547647388 0.0083252064190869 0.0116716186397546
0.0127670315873822 0.0306654877907661 0.0193535502752829 0.0222391194832778 0.0100308713566143 0.0080690653589294
0.0249597775116363 0.0213245005720509 0.0408478807162178 0.0143119116177021 0.0089904866470378 0.0066230385447632
0.0203916814417291 0.0191764199814993 0.0333987140710228 0.0261018241723817 0.0145695253665067 0.0136918896732932
0.025177973212741 0.0123858361770159 0.0238929504225243 0.0290132769600693 0.019988771092057 0.0232030372015488
0.0112177649895145 0.0187618298683278 0.0168570305564236 0.0171842364993834 0.0046353982846932 0.0281493485029065
0.0188765531233997 0.0212946195604167 0.0241931188604202 0.0315871486141409 0.0352049278412525 0.019294737911245
0.0234457666795475 0.0132744854463612 0.0207817662708152 0.016192702164915 0.0191940097068565 0.0202783044461984
0.0455659580895595 0.0255031745045205 0.0409937772352287 0.0454663585530648 0.0122901968472225 0.0171361902762267
0.0339259679363036 0.0187956016074854 0.0150841374727519 0.0177229387796088 0.021860182940233 0.0147208400397954
0.0149328726583376 0.0057073644025898 0.0097117014401321 0.0104255744069359 0.0104754638520715 0.0106967810369776
0.0127591848467929 0.0122231004937142 0.0147827230340724 0.0230154812859079 0.0144481167473716 0.0185628190856468
0.0214763547754254 0.0125939138744756 0.021172544457268 0.0230548374322066 0.0112987746729023 0.0177745080261914
0.0144551258861149 0.0160597949877991 0.0135105054728568 0.0159667368307311 0.0124677208455317 0.0081767561717621
0.0135079145423222 0.0230560118260168 0.0123201460640789 0.0284864391715275 0.0147262452529307 0.0272176390257143
0.0119612631802637 0.0222756633954633 0.0075624378910884 0.0192277167508146 0.007098755307732 0.0048745722594319
0.0074515245628946 0.0184256934802945 0.0035158732979598 0.0127821056106135 0.0212241127931338 0.0076078898484598
0.0142839879926413 0.011781019433938 0.0096074714891695 0.026192086191533 0.0511202781017136 0.0140268668401319
0.0180935289285294 0.0118152944379788 0.0154320067246444 0.0165440892533805 0.0091104368602076 0.0293315017720471
0.0158750365894605 0.0106621069154147 0.0223768327645513 0.0232856691403604 0.0166241959235804 0.0236481006755447
0.0366783238968458 0.021915193173278 0.027122042051346 0.0240470970778113 0.0226371364848748 0.0336881040078833
0.0033136967232886 0.004446112604798 0.0054545317229113 0.0052400336835358 0.0037931313411778 0.0086433302878378
0.0048638320280192 0.0101669459271865 0.0080146463095471 0.0109143084665881 0.0188061728660868 0.0034085486772545
0.0094169423500997 0.0136380123757361 0.0090109612709713 0.0128181569973313 0.0144403438723846 0.0074813006262422
0.0082147196169784 0.0075945286870659 0.0127726151093866 0.0119460056745968 0.0151998700812552 0.0229959578824589
0.0115903428639365 0.0145393687404988 0.0035671366287772 0.0130918215439788 0.0155148774597297 0.0178063460653102
0.0078584193824776 0.0128079855586912 0.02050310149809 0.0173267170129515 0.0075668779542846 0.0233564170522059
0.0123233886523107 0.0111423125888614 0.0115606560648606 0.0183845433056295 0.0134153961499554 0.0240538735560744
0.0271841196777024 0.0315111216832679 0.0130346244572647 0.0199838728700443 0.0132461650908724 0.0531069066632183
0.005735840654715 0.016802903714608 0.0226905021989156 0.0202435997793435 0.0368900136109021 0.0114178393359207
0.0075825184099091 0.0102795475135752 0.0123907360407718 0.0164526877809996 0.0224506668724836 0.0103187978833413
0.0162453991344471 0.0045948835763925 0.0115402859077356 0.0195953280641499 0.0086641785592078 0.0048509903720292
0.0126107850582884 0.0086541496419737 0.0031359329585234 0.022272184251354 0.0288812099520098 0.0098832203625935
0.010643623086998 0.0151969337383184 0.011393078817782 0.015403828447995 0.0059978514537006 0.0121530616089911
0.0143819055827356 0.0103221018079428 0.0117857055729258 0.0221712190506698 0.0119011955271057 0.0089437170792678
0.011766618396232 0.0130340299896377 0.0175323916410592 0.015128828055407 0.0252147781355785 0.0224815803570192
0.0069089460772552 0.0148799612106639 0.0132860039911552 0.0188330703127857 0.0409954333516696 0.014465411468777
0.0112552571308974 0.0006896775867209 0.0004217526570714 0.0180312509943805 0.0098865311185766 0.006080618271721
0.0121229729557182 0.0129951920033234 0.0152025539389329 0.0140588795260617 0.0064853909503433 0.0079674892508041
0.0145312880055369 0.0138977403286821 0.0171655466185294 0.0084136099159921 0.0170519482366888 0.0048875383503802
0.0155918785471669 0.0271686675927593 0.0124624339877725 0.0198268568797486 0.0329884612205657 0.0275463339240798
0.012559285117184 0.0295489950337851 0.0084918305234201 0.0128467764755748 0.0140290094033939 0.0155773364873906
0.023098643111939 0.0171476676964725 0.0126138875153658 0.0175588285821624 0.0103073095626634 0.0129339080972328
0.0164707871023634 0.0189815197678069 0.0134993952552187 0.0123454159270422 0.0059661790772294 0.0185501331831271
0.0193915266450924 0.0185762431128461 0.0148657142431737 0.0221431896169597 0.0370845162594602 0.0239345263788379
0.0262860422251289 0.0282728210061642 0.0318243708191819 0.0477664204316084 0.0410263927068621 0.0407899191140002
