0.081681954330509 0.0605290014142032 0.0413944989943306 0.0846687514441987 0.0738219099236517 0.0099144913289299
0.0599175607529681 0.0549933919311352 0.0331296442666056 0.0446561575552471 0.017757750752996 0.0145934966166249
0.0841878790822796 0.0444157265864385 0.032603800289424 0.062255695434682 0.0684878448227318 0.1976350048881952
0.0904094088553926 0.0412563888245135 0.0693795532320759 0.0647331045980444 0.0936697390784288 0.0088633912425216
0.0773567515115955 0.0427213709439758 0.0461460504913723 0.0451037108750239 0.0405815932158859 0.0105265280332607
0.0623535624021411 0.034098510055275 0.0512343971742339 0.0610099403265914 0.0975180853115212 0.0650922123804135
0.0833550027150273 0.0517271882667416 0.0364694353609175 0.057770558856957 0.0259336485838636 0.0951876011592108
0.0594892589618808 0.064245371535573 0.0487994729345366 0.0912272076716143 0.0313216833223547 0.0288356037997639
0.0738201051306592 0.0797286848888333 0.0867946460186831 0.0974138044732716 0.1186434811223382 0.0510347236166953
0.0856988240868478 0.0890117531614314 0.0667498378018022 0.0905845645100036 0.0861427831732049 0.062444259341733
0.1032763048057039 0.0311149377546209 0.0610812850338375 0.0650629104014125 0.0317416426386491 0.1074963296055487
0.0733710240676793 0.0439562753099851 0.0447637291749931 0.0704247567590207 0.0686970127791148 0.0824164098753336
0.0685010223725419 0.0441134507209739 0.0405772307597035 0.0622977322132455 0.038869135620599 0.0452464637535305
0.0428907265139675 0.0189915984740711 0.0172853069402462 0.0418873100512298 0.0076950656571735 0.0209560410162631
0.042649365285575 0.0171570843291849 0.0172911315585835 0.0238934361891852 0.012758642507949 0.0388310355583505
0.0385620690745923 0.0168551764662606 0.0287972748816038 0.0374730279651004 0.0102644660636252 0.0323400041574632
0.0560375963587827 0.0532128757072243 0.0301680137221497 0.0330156147133123 0.0838891662213041 0.0276860472360744
0.037588056619707 0.0565640476510897 0.0542922441159084 0.0102532610181061 0.0140129607295477 0.04278482352338
0.0136345015545179 0.0182159748174209 0.0203481992005605 0.0242784114136003 0.0231757655979126 0.0514480331379519
0.0367341046436521 0.023743968048099 0.0208000510744507 0.0210068414789338 0.0300105699753209 0.0291711004222637
0.0530297857303005 0.0545113011918008 0.0338850271680928 0.0609608659997133 0.0584873166214168 0.0659118137821517
0.0301940396218945 0.0256763865817875 0.0279702924572439 0.0252833542267576 0.0171458038639081 0.019194440282005
0.0262369283822797 0.0320292228962476 0.0369770095151384 0.0540197908437498 0.059936722898956 0.0280576200320094
0.0341543623494101 0.0449328143588179 0.0542393268967439 0.0361213947018675 0.0354172447001477 0.0176154732008285
0.0696057187657556 0.0238705189302052 0.1513468911134267 0.0837595395744685 0.0387461070330831 0.0648946973949487
0.0468257930951365 0.059276505869742 0.0530887879995594 0.0787306622779933 0.0612731713189497 0.0574026757894613
0.0523063824089574 0.0513523251502782 0.0523658556644782 0.0542105049110019 0.0551158198715452 0.0373658288155662
0.0257509394037329 0.0446287802610446 0.0224287453023847 0.0364447619912556 0.0090581034639867 0.012746103047434
0.0400052333135762 0.0267485348543518 0.0199529817047077 0.0506097287003271 0.0354058071399448 0.0245935524986024
0.0284390214706993 0.032261866446166 0.0286705290524185 0.0351600581876674 0.0109256633073933 0.017027770105662
0.0461416033072056 0.0310483698597501 0.0538878969727496 0.0361244634543116 0.0208282540464465 0.0354852126496259
0.0577497502091175 0.0286045380575186 0.0383087608886069 0.0352316993549485 0.042907656068414 0.0349588752505619
0.0604184532365733 0.0296920568601073 0.041101691825214 0.0478923537400312 0.0463211824255504 0.0417321503109233
0.0567846118813322 0.0285342458682794 0.0288487086478066 0.0441396372190923 7.0932173730125e-05 0.0115818728379979
0.0776945567357099 0.0572614652137061 0.0449642185501146 0.0721261798216537 0.0452355354949734 0.0348114043654429
0.0642938224191227 0.0676674179371904 0.0726538932282057 0.0788299615679367 0.0855477855125253 0.0709909729803881
0.0991898830326999 0.0784414253759059 0.0610886156019925 0.0700827853889047 0.0752451426966359 0.0469684658566112
0.1651936978527928 0.1233404003351927 0.1756425534910356 0.2096185912108886 0.1729117920641827 0.1532725634398835
0.2416293617995288 0.1977256598514988 0.209084799468306 0.190593721296139 0.1914404316009124 0.2340600227293162
0.1279290197243129 0.1055645647874579 0.0927159117574585 0.1000591436581872 0.1061260521812991 0.092582954844493
0.1009271363191069 0.0412283923399129 0.0561485933516147 0.0740309065281283 0.0632455193972225 0.0541506088852
0.0602167025381833 0.0658014524281234 0.0573057028251344 0.0423089604173326 0.0550254587445614 0.024605453877154
0.0808108470793163 0.0500953535202001 0.0497284537994725 0.0824089236319314 0.0477883246268044 0.0586561316022254
0.1321411420596679 0.0730489123413445 0.0828021240418465 0.0814535471034911 0.0597551730826837 0.0543179194575122
0.1575140738312005 0.0644524634282761 0.106936512348068 0.0978734221240791 0.0719605957477377 0.1016391949190852
0.1099070218744542 0.0531130413219352 0.137978749317415 0.089235502439903 0.039444345433366 0.0520347047587251
0.0660737663884484 0.0344336482578831 0.0258739881525746 0.0386925303842937 0.0485891941757422 0.0324066795452024
0.0508923565011433 0.0283803780859423 0.0318089795664615 0.0246896749195917 0.0503825934065782 0.0310656177403672
0.0787265112277162 0.0520981883395484 0.0326173161574682 0.0518296869193944 0.0635063067388591 0.0633138420695182
0.0965135345713365 0.0475342661698857 0.0427289694531784 0.0870830860029498 0.0453476462547804 0.0179711567383594
0.0647040561078402 0.0781513329979805 0.0598472360912882 0.0846332718648885 0.1012966513613645 0.0448299487669188
0.0948976419630935 0.0380075018181517 0.0454314311501858 0.0569915059426121 0.0800075273837329 0.0376064198856643
0.0972267319072506 0.1084973790796827 0.0862315806576866 0.08957184530865 0.0391751501004287 0.0749710955754969
0.0558888465403814 0.023855416441003 0.0317473677086894 0.0498307317958983 0.0543204071095559 0.0309006570915108
0.0288811671104818 0.0372670118045065 0.0265628260263929 0.0430506479393687 0.0283879079544629 0.0409631732293078
0.0603962286923068 0.0450545033310097 0.0521836733944888 0.0490065947977177 0.0517252920812658 0.0454666481293242
0.069355114035265 0.0458972848750564 0.05808274537901 0.0569083669745497 0.0414882118974435 0.0392694625995463
0.0879342008314286 0.0459953736281589 0.0650940499133177 0.0811311120227709 0.0558539797453804 0.0260843211720781
0.069671301702512 0.0657370088143215 0.0600311078584007 0.0688482088230478 0.0673638841863717 0.0607423158431907
0.0794535153966324 0.0272906215846806 0.0667709293443922 0.0523604285722095 0.0442697926627713 0.0095906465986553
0.0553846841071541 0.0493861298903791 0.0249857997676676 0.07419621973048 0.0242716185405877 0.0407632847277958
0.0678793858211104 0.0626708133911961 0.0430571816140441 0.0540172616890047 0.0673019973981355 0.0699590855692849
0.0546336646890929 0.057946271958718 0.031496280237427 0.055763764323538 0.0725443375015161 0.0389668107115864
0.080132652368809 0.0868612107938124 0.07858949346905 0.1006581742848672 0.0979993474214592 0.1039761370590996
0.0655469113079529 0.073332403959807 0.0621412037461875 0.0614095363961854 0.0634885204590144 0.0499065778075127
0.0462582149307555 0.0502050439171198 0.0449709442416444 0.046502141787279 0.0343879086231089 0.0504289728353725
0.0577948246020446 0.0193232257778805 0.0367630164238029 0.0504288401377446 0.0330547035804291 0.0488302097501073
0.052779827055757 0.0352553963156332 0.0271634069619115 0.0389221874305503 0.0511698915960988 0.0476975310667968
0.0565683458678362 0.0231279181823622 0.0343312195534492 0.0398687759847968 0.0148861104099682 0.0490297603628913
0.0403482015168817 0.0309647957023392 0.0305407406675284 0.0255746374745332 0.0507768884178837 0.0659815565443034
0.0513275583525006 0.0287989309900549 0.0352253465397511 0.0292076556250535 0.051338785019131 0.0337655525108078
0.0478280783584417 0.0317693906908146 0.0310311504319955 0.0374092852465883 0.0327980238556999 0.03823473183354
0.0173164523754232 0.0200578462315199 0.0280580201696592 0.0408862312421209 0.0635398636055985 0.0411156878642936
0.0358994696730886 0.0205150390281136 0.0826909364159015 0.0272554945623281 0.0427585134066363 0.0596430942908782
0.0290313555627581 0.024552632819141 0.0164191005248211 0.0407390059570371 0.0167675915909136 0.0165437170267537
0.0417319438840277 0.0272753918876745 0.0198650552135026 0.0328852473760108 0.0295018047932504 0.0251598656101514
0.0234212101872034 0.017074190285235 0.0189820030209262 0.0194785100098566 0.0339207945073833 0.02692255785703
0.0334622650638287 0.0297216652733448 0.0240475055686844 0.0276499998490136 0.0189563303764764 0.0188818655030121
0.0259645042271234 0.0217094586647114 0.0073524046626223 0.0262713378765802 0.0109160049436794 0.0155086752775539
0.022161922811258 0.0164620844055808 0.008621473973949 0.017398501330949 0.0093143606643221 0.0091613620936703
0.0354552681158968 0.0105501147675864 0.0333646739062886 0.0252191661431437 0.0145909693088655 0.0155976282665105
0.0235782831405838 0.0172492713568571 0.0075531424562663 0.0313667280252498 0.0056145643443675 0.0062824947750996
0.020817720826146 0.0045716879906387 0.0148206223487006 0.0177502473121188 0.0087233609239867 0.0148465183301273
0.0437273710314147 0.023085104012644 0.0191998381420797 0.028888044932656 0.0179821849593738 0.0497660773809988
0.033783698175024 0.0302912622833454 0.0352855136809571 0.0380011660336648 0.029008702615504 0.0568224287592968
0.0319472555861652 0.0353851104683901 0.0196844829480456 0.0270477482893275 0.0559841939076669 0.0133310896737165
0.020148272259534 0.0191466399308034 0.0149049315578851 0.0274118876454446 0.0007927784375132 0.0099907784276536
0.0434604877553272 0.0107089790387814 0.0404906052845027 0.050348993909466 0.0021794736902963 0.0269694720239719
0.0271490963856117 0.0198132460401604 0.0148951239600968 0.0465475385506727 0.019924212693941 0.0273429168256134
0.0188730926230487 0.0224103543463553 0.016820214750368 0.0450053105482461 0.0275566537509494 0.0044806165792946
0.0276734792441208 0.017642076657447 0.0407574754562381 0.0720098689133263 0.0200298756125917 0.028308360086265
0.1167157534708157 0.1005980891128571 0.0924181956079453 0.1234135817954917 0.1112814155438906 0.1591203771322107
0.0704936652635711 0.0514820427566932 0.0715581178628656 0.0656882787981322 0.0356924374673393 0.0398388989130503
0.0282517202332319 0.0266278660465962 0.0233802839500489 0.0464169578768651 0.0136026886425782 0.0456064599731783
0.0304158463620164 0.0131509247135187 0.0228663437312081 0.045105694333561 5.380901910132e-05 0.0221954425280558
0.0212085494360075 0.0113219167153863 0.0186243522450519 0.0374659622727387 0.0109963112894079 0.0122358692949744
0.0338468040463206 0.0267140033744646 0.0075390680802863 0.0346720510244717 0.0055949796884739 0.011603557210546
0.0222799842214432 0.026688816361117 0.0364040224879663 0.0387353907797587 0.016173056279749 0.0537100319287819
0.0528598278416149 0.0227240023562905 0.0393528134401385 0.0443723375091056 0.0103193672124121 0.0248136080476198
0.0312180640874132 0.0385881536561045 0.0290890109441194 0.0449328187639462 0.0325552323158097 0.0271746494060239
0.0204279705488704 0.0185191952382742 0.0319354526735762 0.0434426024838377 0.0114842417697568 0.0142521040090676
0.014151587222121 0.0091738320038784 0.0212650367662956 0.0247650297916882 0.0441247443395343 0.0282889458746457
0.0225962550752337 0.0280158593914468 0.0208423503333871 0.0314706066675489 0.0350914218740157 0.039094399459332
0.0372937576282242 0.0217756076496192 0.0411300564255371 0.0381532871569614 0.0157876766078745 0.020610607668709
0.0328052157070471 0.0197296721513895 0.014948662783482 0.0360825582187305 0.0319914448639747 0.0232936630302716
0.0249830606636068 0.0138338091678967 0.0068857785229151 0.0299795137322176 0.0108610462414764 0.0234502484576408
0.0367313990801139 0.0265370631278 0.0351971813256662 0.0527155425517156 0.0415295770507794 0.0549378193572749
0.0374834699923699 0.0180412991972389 0.0388569883255577 0.0666605486226862 0.0470748388614742 0.0489920231620631
0.0218254498606062 0.0143641720004379 0.019172390750103 0.0144872093676413 0.0018428773337703 0.0122676832546207
0.0429276363920162 0.0131548099927049 0.0143842716863436 0.0401840632843359 0.0247440000376423 0.0221305562541003
0.0281754243630022 0.01452365155741 0.015352389967084 0.0330198639131894 0.0208224535811204 0.0060060668264118
0.0369788662686528 0.0281973407544061 0.0291207275721169 0.0393119743470732 0.0096261293837425 0.0160860118558988
0.0241474348404948 0.014354079812566 0.0315550924282408 0.0316996526774275 0.0057069631508427 0.0022540914867539
0.0231964015514546 0.0207065957845396 0.0289967831844167 0.045276876671106 0.014036804751813 0.0264202703755107
0.0266096994482798 0.0060008616780918 0.0462356606041933 0.0309538582649589 0.0762933270366311 0.0290780135365799
0.0423944847254419 0.0202767914419087 0.0348416499203025 0.0431149416988382 0.0454128302654058 0.0348825949395521
0.0383515773614006 0.0280227467405025 0.0256760744921452 0.038852177518526 0.0163573642588609 0.0320841734593879
0.0424084834615605 0.034952215252226 0.0240520624824543 0.0391642337353095 0.0236167671610102 0.0407061298628559
0.0262878382604117 0.0183712168771592 0.0289384491573968 0.0372269120270676 0.0074431421739826 0.0189115594996423
0.048130620948021 0.0108497210378711 0.0254354769996399 0.0281541443824904 0.0123838048245941 0.0406521719746717
0.0224963548745253 0.005742302731305 0.017764199144795 0.0196447475215874 0.0497864245779194 0.0550424044132184
0.0334142388829502 0.0213155849325685 0.0167176718280404 0.0203168683125038 0.0055866692983643 0.0108083424015991
0.0249860242172028 0.0081902465657535 0.0115890688977858 0.0181433026829598 0.0054896835472757 0.0401654565557211
0.0369670905998585 0.0072948145459036 0.0198180976748752 0.030144954158494 0.0206966155917786 0.0052555425351486
