0.0030814962353246 0.004634100735242 0.0040613264683646 0.0036726979543547 0.0016707590519777 0.0093146146707045
0.0039722966977643 0.0049922375395167 0.0023834560984992 0.006352475120013 0.0157161114356233 0.0055846027446941
0.0087988997529969 0.0068088804832789 0.0048104930308692 0.0028617639297296 0.0055823622829442 0.0
0.009794980348008 0.0104804010457031 0.0126511562380691 0.0082953051001427 0.0064418914663094 0.0182733793492779
0.0111389794752948 0.0111864873981787 0.00709392662642 0.0059310405432579 0.0089521873423795 0.0199853989668614
0.0025855067413384 0.0061207752369187 0.0041795261664515 0.003567626311562 0.0015021175419823 0.0062617258035683
0.0120415691076028 0.0068945263256514 0.0041932331575045 0.0069664077039803 0.0089064965254115 0.0113772651419561
0.0079625431787329 0.0076252829377419 0.0091635249818227 0.0261019615229744 0.0036133257538636 0.0079241009013931
0.0067116694340097 0.0013189466248475 0.0060909402781513 0.0032926112172721 0.0040647016179698 0.0110197140372664
0.0018339664656339 0.003900474592091 0.0073481672424069 0.0016603034729587 0.002731025784016 0.0085905903171373
0.0107615197450105 0.0002673939751506 0.0033621105530527 0.0065750873006273 0.0039216185315661 0.0159110842890122
0.00677862423188 0.0029876718099255 0.005224547305155 0.0106227459895175 0.0122641812795858 0.0114974603015637
0.0068982302368121 0.0079844905817746 0.0067815264068945 0.008966740368031 0.0089230478025815 0.00821105572838
0.0072475527232511 0.0035741950785837 0.0043949708919025 0.0029799935720402 0.0114828091924931 0.004398893508538
0.0051582262657274 0.011151986190045 0.0106104277463685 0.0135417907961649 0.0088901730219327 0.0118049481212663
0.0072604534528979 0.0029423968870405 0.0054051573450951 0.0102587066198226 0.000239433043317 0.01290862874971
0.0101822720905532 0.0038726490903543 0.0096313729512493 0.0056628770380764 0.0143772668143195 0.0125570236890724
0.0086292566336387 0.0032852997929023 0.0102071345144045 0.0028878048008784 0.000128743203054 0.0207019632508437
0.0064924055088614 0.0101354268691294 0.0048305028986348 0.010003499626006 0.0036206920542922 0.0224500316821414
0.0084476087945445 0.0046770999386175 0.0075484852062654 0.0039647964757422 0.0156846865878308 0.0006534585117543
0.0065376185518583 0.0148788453732715 0.0114520575779177 0.0173948910641785 0.0082409193284066 0.0089117070724481
0.0050957003002811 0.0111968525171319 0.0144305737356141 0.0054577583323493 0.0024371430737518 0.008004197628645
0.0018512668954264 0.0006382753182259 0.0062231640087888 0.0098234823699546 0.0037762670695262 0.0022296260596341
0.005447007846909 0.0120606562837023 0.006036743206625 0.0045390969340346 0.0065827957178242 0.0100581671843006
0.0065222162458956 0.0001117539371022 0.0074122464191788 0.0052413811512306 0.0037992078192987 0.0068103569645884
0.0051897856986309 0.003099445500802 0.0081545499334272 0.0104939382288778 0.0028235991619935 0.0059672388916163
0.0071761031358465 0.0087366834940482 0.008937074272249 0.0024307444812099 0.0029793786821467 0.0018197160431777
0.0051317134879961 0.0057221361302765 0.00388146827816 0.0071343631458107 0.0158250661108212 0.0088812235585662
0.0033553584512936 0.0039651036894899 0.0017911630711964 0.0036220751822526 0.0099553001994894 0.0017424143762505
0.0053400670209776 0.0149441814078365 0.005884477079755 0.0052192648525997 0.0065068689735964 0.0218391931167337
0.0049490070244602 0.0057725566843586 0.0102037412944935 0.0120433422998794 0.0065050788125214 0.0082827420051935
0.0072570194693263 0.0057804566580011 0.0074260276343701 0.001903449117709 0.002611416576971 0.0153393278289037
0.0108139044954752 0.0178261265047998 0.0065622492840264 0.0078677336906204 0.0070845980930207 0.0135536126131021
0.0043735606006765 0.0116008921622615 0.004620257192848 0.0108447886925628 0.0030012746003098 0.0198147853903868
0.0085592875486987 0.0122613898917997 0.0081695536514781 0.0178089535853653 0.0070228032615261 0.0216739487259726
0.0039322900283599 0.0041336101003987 0.0061181102323628 0.0085156615657056 0.0016731945064112 0.0193245046128726
0.0074054929991289 0.010735173346173 0.0066788916937759 0.002022451957831 0.0100058380470014 0.0026605294952358
0.0422002295152797 0.0529776538128109 0.0502356080443155 0.0656997047735426 0.0676469698113141 0.0504325968220695
0.1496396788122782 0.1762610216024604 0.2054375526051313 0.1977718181616878 0.186332464795679 0.1641747804609617
0.3404926236726222 0.3214909466414244 0.4358924723960121 0.3767628775250276 0.5144845304061688 0.4229060943593428
0.1296871412608792 0.2501209267038253 0.1788405899787671 0.1543476587494844 0.1382273281493422 0.1607358676777455
0.1624832714218904 0.1474220208304569 0.1655097328664458 0.1706388293993901 0.143169233422816 0.2081489473907003
0.1774980951456484 0.2137325801081589 0.1600795884383224 0.1667162151952907 0.1487182598248874 0.1944820751789628
0.0861254512085597 0.0697023116489128 0.1075307781227795 0.0928692549928567 0.0971680278924754 0.1286062049792456
0.1016065563508539 0.1048994483719817 0.0630437737036088 0.1417349807823872 0.0596278488640473 0.1510030649863775
0.1076119771531575 0.0728828756123975 0.0965873829885706 0.0606232444189193 0.1511748052299746 0.2030393140223748
0.1554340498057677 0.1958466346658771 0.2018713917265869 0.1853078608848271 0.1287926354239146 0.175057544221712
0.1333001699524784 0.156177960174436 0.1185179977299056 0.1053188722473321 0.0814350748710336 0.1355760893133512
0.0983076890202026 0.1238144612803777 0.10690789691487 0.1265755368621843 0.0912650689894003 0.1105147454550674
0.0725830354175704 0.045123871393745 0.0567602070605088 0.0546542624319178 0.0981943911894739 0.1087971080371653
0.0694993610017467 0.0324883859503559 0.0255354307224113 0.0311346274402351 0.0150145906373877 0.0291397161963941
0.0764002002217468 0.0423494336405714 0.0313596899252244 0.0827258880073424 0.01185944979892 0.057477408003836
0.1202071848468969 0.133062559702119 0.0834900965085551 0.0778005096553517 0.0754651532209607 0.1301075264872304
0.1148250998372937 0.0252224057327398 0.0819920798296902 0.0616673209777791 0.0682670340776748 0.0698703031958699
0.0402373801820074 0.0479891864503401 0.0511560701671619 0.0410622656549041 0.0510040748957993 0.0834634874805492
0.0460663304257778 0.0707815864229907 0.0559406106051986 0.1048041386578709 0.1112566028744628 0.1001412834018413
0.0680002172476111 0.0888943236471927 0.0517736064471574 0.0245511430996464 0.1191310284115872 0.088139978971717
0.077605804288843 0.0590417556618262 0.0488712909771576 0.0524240021241029 0.0808335354514455 0.1042493521098639
0.0931154166712533 0.0482427543306917 0.048022316963588 0.0489840902288688 0.16236641106052 0.102420900229214
0.1271637505990921 0.0973538702742385 0.1808271942976101 0.0889197208437012 0.0518303392433521 0.1468603966354622
0.0669113128309247 0.1070861249731924 0.1032144462321702 0.0887472492554734 0.1787027702607282 0.1798682624885596
0.0534693395713251 0.072684868292096 0.0518194089514633 0.0548936712201774 0.0500727588808107 0.1704510228522216
0.0934047537803595 0.0600775567548576 0.0574782312496268 0.0488204012180163 0.0689928005595004 0.0617125957753216
0.1036283312016371 0.093470608051178 0.1027716844872312 0.130242358224848 0.173928640954926 0.1734918180336793
0.1013088919490892 0.0892360422060062 0.1105383574990575 0.0955738734518308 0.0824114306757768 0.1728702548203313
0.026738475323226 0.0558413321811043 0.0368746016502266 0.0091306400051659 0.0265648097730609 0.0256143428051389
0.0482221893892619 0.0126913842047031 0.0242427733500576 0.0209664002985864 0.0413506563425442 0.0199004170588265
0.0472586525504836 0.0174317920370849 0.0157166377960299 0.023721301041268 0.0420455171466042 0.0467338924005644
0.0207154577727332 0.0065301430369753 0.0116267984552775 0.0043211560756984 0.0147516826460398 0.0082160136822999
0.0379046626240568 0.0301803506661971 0.0222937525234253 0.0155089945218131 0.0299510397071159 0.1319093189980547
0.0216423806963682 0.0149605275981786 0.0199696285435009 0.030307803618989 0.0148815790199322 0.018344323517922
0.0271175935823385 0.0313398339983669 0.0159137668121933 0.0375535245269335 0.010774137037799 0.0484924781085476
0.0221162580848349 0.0220947718971933 0.0161790996899746 0.0117705670902023 0.0211877967200977 0.0133424032932036
0.0252871060808484 0.0066189136886335 0.0201106134595119 0.0221736267931672 0.0175761507359482 0.0053136971342948
0.021508666061229 0.0187973669026872 0.0148005759676381 0.0251195605690805 0.0193046184214469 0.0336090033779002
0.0210097351206971 0.0164661113938009 0.0088513711140091 0.0144510490827899 0.013617647314952 0.0403309471657849
0.017450143771947 0.0366734076537584 0.0366648900963648 0.0132237935749614 0.0492156462341889 0.0455678322457298
0.0081226727289522 0.0068356221512612 0.0067677895740433 0.0041908640337433 0.0132983929006287 0.0069190332082127
0.0220004783436268 0.0041964163684022 0.0083877664083784 0.0079391251839226 0.0067416229486408 0.0077341242080854
0.0211680811674214 0.0050443531187909 0.0043202819777275 0.0030355503880704 0.0017224295429719 0.0056526174730766
0.0132958245633761 0.016564899375925 0.0124492167650401 0.0072063976830745 0.0018401781645005 0.003679158323971
0.0071851416926436 0.0099528571976906 0.0133669640673457 0.0187500649916753 0.0150550544517437 0.0069700590718462
0.0080839985358074 0.0087047529780267 0.0113863518243624 0.0081900015652309 0.0112231293491137 0.0147520286664338
0.0084104340162113 0.0054314483343878 0.0163153983182393 0.0177080847901795 0.012287402256856 0.0427683126968967
0.0064492979758474 0.0070650879887372 0.0053109417576767 0.0033772302523701 0.0064941622861403 0.0083558288808355
0.003116233069838 0.0114834938430073 0.0070340327288849 0.0070231691474302 0.0606885429989151 0.00241481190304
0.0050583578257249 0.0133177101634289 0.006841124687331 0.0127755437329757 0.0 0.0007766064333121
0.015729765919389 0.0113517215568984 0.0136839564022861 0.0058433610319732 0.0093483651384782 0.0091494625827521
0.0065952010565734 0.0063416274065173 0.0038972457062728 0.0041719843368199 0.0054284063397559 0.0031679839181086
0.002356671161123 0.0061857016086902 0.0028843850161836 0.0011408384843853 0.0095760484529656 0.0077449869687488
0.0034835329556359 0.0051893204133395 0.0063489587268257 0.0059254877863836 0.0079347063697153 0.0040414472437321
0.005717739059721 0.0072485968579321 0.006122500494222 0.0061993841219875 0.0122819283602161 0.0014582114914503
0.003822651532743 0.007752222954251 0.0066698505878502 0.0049974038572866 0.0041249282346658 0.0087875845818399
0.0073543613722428 0.0069464390629848 0.0025347662187013 0.0026188950985699 0.0045349741684201 0.0050446038067592
0.0053220548394338 0.0174957411167532 0.0052206795399686 0.0015110950258504 0.0013601998365374 0.0057009849237667
0.0061494077844997 0.0064311776485725 0.0046145489617998 0.0016449997768258 0.0044728982562626 0.0160293239347358
0.0114811772099774 0.0098393794965809 0.0054842599749208 0.0039964616038579 0.0121619797056557 0.0087146610828392
0.0088901387191698 0.0083659864806319 0.0064727366406718 0.012804430344017 0.0045154190979111 0.0166140546254216
0.0069385537552657 0.0040794613484862 0.0025278754697351 0.0015839919386904 0.0081644682520264 0.0018047709690656
0.004346915364459 0.0048045176348739 0.0013819897601605 0.0022062236087559 0.0048420952212625 0.0015506726167589
0.002031695991831 0.0008311632793196 0.0029995101561915 0.0027007090428171 0.0002316062948044 0.0021374844828661
0.0025625761920688 0.004831719445529 0.0090068900596636 0.0045675209721383 0.0078324678506609 0.0002337421275204
0.0031193668432067 0.0072582135008988 0.0014553712411405 0.004180805539381 0.0051336839770329 0.0093641931281538
0.0045042878796756 0.0057447377375716 0.0041978850137066 0.0048114581110905 0.0107146483557578 0.0063925356775076
0.0030026597782791 0.0033449900434369 0.0029947514187017 0.0045746933400858 0.0039895152023038 0.0078743615744539
0.0030269335861772 0.0031171822360729 0.0072189959481363 0.0024542053031244 0.0034807724632893 0.0011938857773588
0.0048057560551772 0.0033916297240039 0.0109017385554494 0.0032212928747911 0.0040330996833916 0.001813263299873
0.0018872431615494 0.0010736585952249 0.0044494154319131 0.0061571809984536 0.0034855024634998 0.0354725043839227
0.0072103744859247 0.0119852618481977 0.02062016052608 0.0121211233802266 0.0107581577882629 0.0051233211124194
0.0041287623426604 0.0108106760779219 0.0117768132040633 0.004737406596041 0.0235653019845084 0.0232827093586938
0.0090347642056363 0.0066561869584608 0.0041872661087408 0.005250868458304 0.009889908690813 0.0314365198987636
0.0046469403328369 0.0080764716602914 0.0074610152770715 0.0056731179864828 0.0016293114684424 0.0211065700262468
0.006935958208991 0.0082841015511233 0.0034128452591044 0.0035924143565661 0.0199874899348983 0.0125406518150656
0.0091016041822617 0.0034942936901879 0.0017273053540889 0.0079730662302351 0.0019522287506883 0.007409293219699
0.0076108371038224 0.0002427992153299 0.0060583455838358 0.001985946714867 0.008092817663372 0.0041977007073176
0.0191161185641164 0.0092854436856916 0.0070945138726209 0.0048808828672462 0.0063993120486101 0.0064755407467498
0.0147265456973616 0.0150018338416816 0.0192967856935869 0.0072880367106997 0.0102598069071773 0.0223427829445341
0.0050616689054337 0.0151249203318712 0.0036827573802763 0.0021569996362676 0.0066462745595992 0.0114935795473026
0.0033086677825291 0.0037151451445627 0.0062271059318201 0.0066698133037486 0.0043993495768116 0.0031048743185016
0.0015100391957554 0.0057713156903857 0.0026744873734816 0.0058492180672207 0.0005269033916104 0.012052193781445
0.0042215873576317 0.0025036163087013 0.0007208927125264 0.0023086995699672 0.0008360013041483 0.0042774554370407
0.0035990365160683 0.0059039545137748 0.0031250394169979 0.01012170535206 0.0041407279350438 0.0058383000450331
0.0052023992707636 0.0069143524672631 0.0031529003969943 0.0040041049983013 0.0010097622779401 0.0016977248317754
0.0061905660904292 0.0059564015524756 0.0080030487587547 0.005130460252381 0.0064366073921389 0.0079804156830197
