0.064131188782738 0.109496040224834 0.0439992827318333 0.0719163657318848 0.1126489686657011 0.0834547280543285
0.0347863159093248 0.1848977682228227 0.0264047669395648 0.044563356460714 0.0322707073066698 0.0515364355475878
0.0420922197771237 0.1010525786573801 0.0685471593913734 0.0484837397691363 0.0277456943774381 0.0729871215542228
0.0803263104373623 0.1177905149405641 0.0828029929595049 0.0554517290142911 0.0190253579397427 0.1367959963685045
0.0280712258215048 0.0919792022135939 0.0360195181756233 0.0462873245631446 0.0441919902476316 0.0808323875878555
0.0376504872286762 0.0889268846235228 0.0275040045178365 0.042575871099006 0.0246088012876013 0.04998421497371
0.0777604399215965 0.1295917674109285 0.0323137688667533 0.0492339452937267 0.0646311488091749 0.0536828848768731
0.0563077237658672 0.1019081902946229 0.0490460161240204 0.0468279560282654 0.0763217959638098 0.0719338981314868
0.037671711628243 0.0332837577421753 0.0303929970412015 0.033881380638024 0.0672653599718407 0.0356547400884622
0.0146915202270628 0.0827856233719134 0.0388821728418337 0.04089976589633 0.0363027177531182 0.056885139188652
0.0390805397428633 0.0577469774264383 0.0474534196309581 0.0456982499998331 0.0158437405195007 0.114579922452801
0.0359032444305918 0.0749158760492901 0.0538821214023243 0.0416756599807612 0.0756922121389532 0.0529184521137101
0.082928710552765 0.1071771260050044 0.086694319128462 0.0734009452720821 0.0598569107547263 0.0951105094060928
0.0667694714189409 0.1362616129789628 0.0635156557662234 0.0111189341316588 0.016508062676103 0.063964077799902
0.0478464260389377 0.0999619291725435 0.0545368354629 0.0695650783757734 0.043895034046152 0.1068532559374371
0.0486668172981473 0.1316802211064475 0.0564473198523777 0.0344481093490673 0.0213067990679354 0.0381855612443749
0.0429488431959704 0.104859589599897 0.0604244364535871 0.0333175825679771 0.0565657214051875 0.0268695858997132
0.0300365173543411 0.0538969701315718 0.0380172242309792 0.0258657969379223 0.0415083229345252 0.0650837651589037
0.0138554215880236 0.1074422938112851 0.0185892179752197 0.0279390416479353 0.0131096746264074 0.037002794575291
0.0421254376318421 0.1517663834439643 0.0132107823912698 0.0381694534056344 0.0616856296440927 0.1154027847844521
0.0447541121529603 0.1461097595595476 0.0667797694465672 0.0926379967470373 0.0356679634912361 0.1278889956784241
0.0237560985809731 0.1215886882110421 0.0620634238084909 0.0382046641972014 0.0494692457815337 0.196640436521867
0.0154105924250827 0.1467764138850008 0.0589987297316251 0.0677001591583986 0.0122116986550838 0.091448501607186
0.066035056627663 0.087455521339389 0.0667643022241092 0.036219392202734 0.0737089044512663 0.060289989658354
0.047422020872069 0.1604813774973301 0.1035078289904862 0.0943454154514292 0.0488267103399041 0.0993225901168437
0.0493326961665255 0.0989075710066486 0.0821302258515002 0.0749318349004778 0.1147066922199791 0.1146432472116642
0.0519278759681223 0.1313325387359377 0.0517944922412467 0.054734130329294 0.0223002802642107 0.0645795113913563
0.0289151740278073 0.0696845851332956 0.0209391601826953 0.0388816309182358 0.0967455668708675 0.0608245065383841
0.0293528670629703 0.1321988495820332 0.0497904744223431 0.0336988927192271 0.039845475280583 0.1477551628358758
0.0191279334075637 0.0904008103444754 0.0335677247010051 0.0482295191186269 0.0512055170135674 0.0866452282150337
0.0313669908256525 0.0630617050670357 0.0459740046533501 0.0998328463438461 0.0623604506661459 0.0192047534075933
0.0457060186994371 0.1267931237361434 0.0776415832935313 0.0583446435645567 0.0260266819034109 0.0741868281066826
0.0713369565598352 0.1423342725032062 0.0883227308028922 0.0662913342786502 0.0749596847049228 0.1075999064047591
0.0410845460417971 0.143606141373549 0.0686823821900578 0.0498668808373083 0.0472860235548576 0.0826577993664176
0.0355934918576446 0.1081612591742933 0.0563542966700476 0.0402118435137882 0.0602738442295943 0.0939262013014821
0.0345858112425884 0.0999237936380995 0.0547627669686705 0.0633570936114789 0.1065735440291834 0.1203297138180771
0.0664586633789185 0.1676195768922896 0.0833484126020309 0.0386791623844572 0.0718362344642626 0.026170967895765
0.0648246037707793 0.1095868146030506 0.0851714551824323 0.1155587711408884 0.1006842968418628 0.0987571521561259
0.068604001734256 0.119302851251887 0.0637172243165744 0.0630584771980211 0.0238325130931779 0.0650253087637847
0.0261464404692597 0.0704881984175459 0.0501377091099664 0.0399796653766593 0.0295369479740393 0.0568976795774648
0.0377767154917104 0.1139273122269419 0.0833935236041789 0.0605668714288683 0.0452696431538383 0.0814975832628767
0.0563303515889685 0.1372580797949779 0.086495155195971 0.0954489244378854 0.0458147779229179 0.0677847281974852
0.0489973083230823 0.124098870470864 0.0634319523956792 0.0462868234380107 0.0729701107024802 0.0978890761719039
0.0225656581927131 0.1465020913008994 0.0449676907259863 0.0475094173743442 0.0853867107761723 0.0520536490879441
0.0897688969863498 0.0925709936517101 0.0619564946951042 0.068695165117002 0.0728811581595335 0.1308224893721919
0.0392736687702772 0.0829794086577739 0.0992874562516392 0.0471559376174634 0.0406496815409129 0.0895377373859915
0.0506281324081458 0.0959597580177822 0.088185616563624 0.068695414490895 0.034820658807381 0.0795772686576908
0.055177485256052 0.1234289008179428 0.0592737027629887 0.068655918848624 0.0522207890539263 0.1362551857454285
0.0288734611700407 0.0822691728982539 0.0824338120348586 0.0422095502642051 0.0467824904956394 0.0938380454477388
0.0669620880630781 0.2325175825903064 0.0855801818244774 0.0583459344704589 0.0329836063832247 0.1850949811337095
0.0269225264278623 0.0990020679828464 0.0536300668259983 0.0718741509254299 0.0694349524591516 0.0410227126838327
0.0699706499869536 0.0502576317569821 0.0563849908203455 0.0499887348680944 0.0464041498392892 0.049105402810843
0.0567966811379815 0.0976784578397248 0.1012067727822707 0.0893360335114154 0.0112640303354364 0.0596666333164165
0.0345919400121948 0.0748606594574702 0.0737071740484335 0.0573957990878661 0.0216223293155009 0.0233943863773569
0.0394642409580862 0.1134307370829278 0.0706472676309081 0.0453858934692982 0.0324021467357196 0.1612442256847169
0.0342448270256648 0.0889599320992439 0.064776684572947 0.0469232787060939 0.0515907317572786 0.023891209134122
0.0759076623901429 0.1256754752682982 0.0763306833187495 0.0707180421863339 0.0499037875474931 0.094557039448375
0.0555393000850276 0.0943270425708327 0.0766543462978954 0.0403665116121887 0.0543182801219436 0.0909387113527593
0.0647567952579501 0.1519983317027238 0.0679986401606027 0.0775980639414713 0.023926928158135 0.024487476028705
0.0823319616235781 0.1291191253367475 0.0762499746567956 0.056816379762384 0.0657976735800487 0.1037995211959706
0.0432441218959952 0.1153797693975621 0.1324344992896292 0.0294573259244196 0.0679808271041614 0.036070596716536
0.0452788859447894 0.1011778929751663 0.0420916819082007 0.0445639211884784 0.0493330511494581 0.0918559556110742
0.0345463148469541 0.0935703926235209 0.053098490975878 0.0495078113346944 0.0464857653331859 0.0470567537378623
0.0184648622087125 0.0647795887579268 0.0252645479119719 0.0333877369184285 0.0288404193445995 0.0593592939397202
0.0192091268257369 0.051462437149982 0.0524777405521896 0.0305076436917462 0.0634406168461493 0.0369740307702476
0.0358730134823771 0.0632270482507425 0.0419610219696598 0.0445978727752862 0.0949674831035267 0.0801885106888426
0.0357385333095935 0.0568742071907997 0.0762919880926555 0.0469375402973284 0.0157520488335301 0.05148222039761
0.0226409745827319 0.0948112507280923 0.0370274424245342 0.0336151931505779 0.0255500030190686 0.028525014467002
0.0175815657756338 0.0877456087976556 0.0335260255434826 0.0183243543882428 0.0402830045108695 0.0235251356874226
0.0356687197431796 0.0452400543065798 0.0421071440375791 0.0186815780366131 0.062683740622513 0.0289539334582284
0.0401208880833453 0.0825203698638969 0.06918050044887 0.0332277897931617 0.0567818308890301 0.1060181789187699
0.0265332830968623 0.0812170392908637 0.0722187430565962 0.0193401663394517 0.0341660509461362 0.0732598236680557
0.0370097986499593 0.1051767919587723 0.0426112743970459 0.0424113603643443 0.0539768841569986 0.0525549567881265
0.0470136172917315 0.0999103866499367 0.0502005428235193 0.0568921748154088 0.0401342394701905 0.1173596851376917
0.0272952638949032 0.0720813623889294 0.0510172707404943 0.0313908133938996 0.0439469361724245 0.0648520371219651
0.0579011919836406 0.1463666974907992 0.0548792206889846 0.0303118461555044 0.0517630870978577 0.1639318077931362
0.0270307601876136 0.0690473627722007 0.0672864990325136 0.0283392547414606 0.0317527963738895 0.0935490890737923
0.1167446914196791 0.2256020280493235 0.1004289089358674 0.1016870578099984 0.1140992589511762 0.2004126525266881
0.0652304346095104 0.1570259856840157 0.1067383335155359 0.080014735637819 0.0340924285203945 0.143055210427776
0.0415109520712264 0.1253392714782389 0.0899120795692897 0.0398972457856929 0.0394708872383484 0.0529293694086355
0.0850775199729888 0.0630285085641924 0.0735901362528184 0.1346954890394276 0.017540378538129 0.3281837635086615
0.0547385639215337 0.1105012823944348 0.0686826171366676 0.0488427434190332 0.027059631614297 0.0615940915261186
0.0485357300232399 0.0553059815763212 0.0246886239714063 0.0320347382103184 0.0430706190452432 0.052142427495541
0.0718607042063364 0.0769589945741321 0.0492120562266782 0.063154656278727 0.0608316294233284 0.1259837690767096
0.0473499412415816 0.1252613692400156 0.0397101885841671 0.0576795761303297 0.0931839931909186 0.1248704241758396
0.0388789895020757 0.0576437779543173 0.0601167157537626 0.0341140569958686 0.0203941408494586 0.1115321047019344
0.0381342053827863 0.0797160040542668 0.040121611097058 0.0360650404795431 0.0044758623250196 0.0692490961974815
0.049506723432084 0.062190724693856 0.0996116302683794 0.0741586060662545 0.041966420508789 0.0415362268987666
0.0316151213659235 0.0408856486428678 0.0482089072541483 0.0238487080069319 0.0191539935649534 0.071687296192731
0.015529790457126 0.0589198012920557 0.0213260642537353 0.0160254045373043 0.0140264333905137 0.0200985084021614
0.0344316173280285 0.0526127200872237 0.0282070113467568 0.0254088128490079 0.0425185401280046 0.0218138146013569
0.0131888855244321 0.0473686684049262 0.0245802605809871 0.0185221818623035 0.0299434821292907 0.0216379365774789
0.0335539097483063 0.0495869470336691 0.0336724430022548 0.0317545460684369 0.0360661765658492 0.0335782155789777
0.0093529249284524 0.0258886030158058 0.0078333901051919 0.0169663693133003 0.0054357647759123 0.0124388060715476
0.0175122920337458 0.043414822860573 0.02075369984367 0.0242864844728149 0.0070708554304298 0.0183837534962698
0.02048058131692 0.0949165080219548 0.0286459094672502 0.0217596989898059 0.0186484045514686 0.049524641251746
0.0226654576415231 0.0871799951176356 0.0307452150440768 0.0342514537993495 0.0478076553073077 0.0681730241515202
0.0321634836271533 0.1094465537459869 0.0344192822587732 0.0223337801376717 0.0336132832842025 0.0402698557279658
0.0288635133088397 0.0624786672001932 0.022561019630384 0.03099202383942 0.0363910487272517 0.0265850541489951
0.0054604132062645 0.0153637929465196 0.0074921594039627 0.0060994006454645 0.0111134873941343 0.0090441861845891
0.0047680259583138 0.0294213647792493 0.0217167303844974 0.0104551072463021 0.043876728417329 0.0015780175565045
0.010939481229842 0.0333096913094592 0.01945729396624 0.0151661725590141 0.0049619613410735 0.0403769849121646
0.0099162824169901 0.052976349649161 0.0203443558787089 0.0126665421823014 0.0108642552448037 0.0290249590232863
0.0224283665193335 0.0659357188253833 0.0275333596917867 0.0376532072090844 0.0317898303914658 0.0501709697138943
0.0146488602394165 0.0947516542623067 0.0294762141993224 0.0290381615475419 0.0617755452718698 0.0458200795679514
0.0071901641160533 0.0444157370028522 0.0200511257249287 0.0175202674089094 0.0332597461045192 0.0577595027086481
0.0242706211041325 0.0390598109284612 0.0192798701712556 0.0208042764511062 0.0344112183339885 0.070351595301564
0.0096084013807999 0.0940381901036387 0.0264922837626869 0.0142331190358092 0.0297155561826408 0.0689310216169745
0.0227728682787403 0.0639329574977841 0.0640396161710384 0.0442369057025439 0.0229464444083298 0.0286460243041874
0.0093265059131933 0.0909409076098857 0.0366525389807646 0.0220731535021327 0.0170253396888766 0.0939177316908643
0.0290589093138914 0.0579177181431659 0.0380648519464064 0.0340063130788966 0.026955408129435 0.0489959980674397
0.063076000564663 0.1263171922476766 0.0575298520263951 0.048283605677927 0.0765925911193672 0.1290349725233648
0.0428119460921517 0.172919913035659 0.0921956058195702 0.0523099048012004 0.0656918149397779 0.0809140249380308
0.0310789763883889 0.1389823822374183 0.0805055254455644 0.0562218346332132 0.0800729070071881 0.0920925543477684
0.0288720197658377 0.1193224136769974 0.0597878616229691 0.076791484219969 0.0109913367381597 0.0451308199213106
0.0370843727474846 0.0728127242524714 0.0269336643964 0.0420691065578831 0.0138081047297051 0.0305346211593975
0.0427300914226778 0.0959366665284809 0.0595938714001822 0.0376224524799571 0.0359090485517986 0.0768983626585845
0.0302309768932613 0.0672965677297623 0.0746163798355416 0.0192497663404604 0.0189854402844151 0.0588558416284218
0.0171525849476676 0.1044141202097003 0.0400938320641267 0.0479857325761839 0.0296382779397357 0.1038825348242601
0.0233925893313976 0.0760881840967763 0.0442436992288794 0.0320247230115649 0.0160859935399398 0.0562225922831622
0.0265787691827359 0.0578224574651584 0.0492785462272954 0.0158560097880122 0.020207970769315 0.0447134831197021
0.0373442030284791 0.0778494363918315 0.033610432872721 0.0755246991974709 0.0396132856347942 0.0440959640958223
0.03144565927524 0.0619149161054502 0.0608999700964118 0.0323776447533545 0.0293363774743648 0.0462236856649016
0.0317496430611508 0.1367685539104376 0.0328196081873254 0.0406895040505336 0.0728891499510177 0.1110965882160782
