fecha,Buenos Aires,Cordoba,Tucuman,Mendoza,Santa Fe,Santiago del estero
2022-05-26,0.1389603568827782,0.04867767429376159,0.0716283707193243,0.10557675160221572,0.08900546109081846,0.027616333190212297
2022-05-27,0.0857062924310457,0.020595258583570215,0.06616332096452679,0.06098189345114261,0.16195635866230804,0.1941645585685128
2022-05-28,0.13178078185520764,0.06667185616269362,0.05894861100720516,0.0576524796264409,0.17681401815729295,0.1562121273140234
2022-05-29,0.04822159044921644,0.01087944450490025,0.07462230617180897,0.06306003618388473,0.03418029021743512,0.0677167938735525
2022-05-30,0.0792505752005248,0.07531732015052328,0.049993187570930166,0.03861806469213001,0.07813351036377865,0.09384537636907234
2022-05-31,0.07039916886674992,0.030377126857633097,0.07280294202352824,0.06170538281047266,0.09665529189305289,0.04887252845455981
2022-06-01,0.15033724602970688,0.07710958594979125,0.06455089573675998,0.07782080907774391,0.12025549433196482,0.17775932725482185
2022-06-02,0.08771694289000392,0.0967298077609716,0.041859322656364994,0.04788921760765051,0.04339108662115929,0.07027057782106079
2022-06-03,0.050635972469170946,0.04072486255171397,0.024447317361219783,0.03590056578561744,0.053562247232884025,0.05506351065121673
2022-06-04,0.008855762444180675,0.053079995017694094,0.023787795632537835,0.028028559233636986,0.024152005566065452,0.04734419038675842
2022-06-05,0.06590903660023666,0.032072221049464805,0.11508686238311903,0.0479752467520946,0.04505595554879674,0.034538959070447975
2022-06-06,0.07275696245592798,0.04991455364927382,0.033755169100546704,0.045492433349440475,0.023595147521131274,0.029657201219758397
2022-06-07,0.06588778967590525,0.04931851927384529,0.05212059848942796,0.04846553235742269,0.12211101620375621,0.09526768392439851
2022-06-08,0.12330485932442314,0.17426011472313033,0.0502964239281495,0.16817810493658703,0.1629580630117056,0.2416126869990146
2022-06-09,0.15102316989302794,0.10573520636664459,0.10491255908942987,0.09970699318869454,0.198299740982052,0.23039219338771058
2022-06-10,0.19166763268242243,0.20446730840267754,0.11770138806750319,0.19572317287585086,0.16850440110584902,0.22189892898458083
2022-06-11,0.11273624180841318,0.13495272538492287,0.14514513996992795,0.06332166516328183,0.045593426045153075,0.22106546195333757
2022-06-12,0.04780227508272128,0.051440452398338915,0.07313511358299882,0.06558017222776173,0.05882381366141222,0.022782144168624476
2022-06-13,0.08719731032395359,0.06309807797137,0.015790246612415387,0.019592208094072566,0.06442987654591406,0.04253265290638731
2022-06-14,0.018795460322461603,0.031200343944336628,0.02181812681579523,0.018614321127675568,0.06303567772061724,0.04988494729393122
2022-06-15,0.0598724788776185,0.03827104144300181,0.011112388517177205,0.02919721613383556,0.027381306343083736,0.03805991340578044
2022-06-16,0.03601435535730188,0.01549275849814667,0.02577199839005878,0.03261141946420618,0.02154514199882964,0.036755471738373485
2022-06-17,0.06018518540929341,0.04082511027379842,0.03033699954644984,0.021106384507894888,0.0344397415453269,0.07313195936387408
2022-06-18,0.06561638419946346,0.06966183368880244,0.08118407586813668,0.07404877357144844,0.07072949774736509,0.07607225982224683
2022-06-19,0.06888267425555743,0.017863254043704216,0.08300010219345456,0.09108408089282259,0.09507378635264425,0.07623342112943189
2022-06-20,0.016284817122157694,0.04074351939483985,0.06330933238447387,0.057254708791454695,0.105882162607062,0.040332533548961484
2022-06-21,0.034636020524981444,0.04267905054614617,0.033935891090962796,0.03759467524276098,0.07700409083226906,0.06406584561020166
2022-06-22,0.046861366486926376,0.033975551979952924,0.027003653345291125,0.030798093420695737,0.027028937670083034,0.08469450778523334
2022-06-23,0.10453345155802399,0.021540110776412703,0.05155545420912288,0.042353775723752,0.07574681519294987,0.07933790228510838
2022-06-24,0.11696590011864025,0.07982490277696051,0.07518456135816028,0.06015259228607891,0.046637041181414644,0.1980974022754642
2022-06-25,0.05399659075933316,0.06576295871822521,0.08430563747787384,0.12693757655721802,0.1406295525000133,0.16717414945865877
2022-06-26,0.14211196353568217,0.15439834880851278,0.1571473643799557,0.13033432914305879,0.26898272343911744,0.17190424300890175
2022-06-27,0.13739826613999304,0.1272880018614087,0.14125931512226303,0.1579101749359761,0.1933538209855545,0.17326058063692326
2022-06-28,0.05412897944133565,0.0705420185740015,0.05387060026113672,0.07860060062443612,0.03748257094281149,0.07911124343155632
2022-06-29,0.0703291548745148,0.061818184524640205,0.02417827673455899,0.04711800607332627,0.044658502026891554,0.049415660579406225
2022-06-30,0.06408327135787471,0.025059368561703533,0.013712577134428054,0.0297657171397856,0.03215312134372534,0.03908571126560794
2022-07-01,0.12679411416248407,0.0690537354610281,0.08391889703849104,0.12284477809187297,0.11321224185635986,0.0660908737185907
2022-07-02,0.021559465116284954,0.06190987612486586,0.0539355185051666,0.039062218952666455,0.03379888109960432,0.020318338641061147
2022-07-03,0.0066712680689199185,0.014724796303113926,0.025819396165459446,0.008150116976358703,0.010638643629154778,0.008934114054340869
2022-07-04,0.008247832381246762,0.01900180001721172,0.010338477787525207,0.008093449976952756,0.007815697083547412,0.022515858765426208
2022-07-05,0.0497704354821394,0.03640384798717992,0.029972012723060153,0.03329822268644441,0.03969657638857051,0.07883349605861589
2022-07-06,0.009491651996743967,0.030212840293364518,0.04735784258908336,0.035432418346862324,0.027707412040924705,0.024172722049036872
2022-07-07,0.06033441561330007,0.0335990721710187,0.03812008003321679,0.041693762379514825,0.05724915294314129,0.06260427807255821
2022-07-08,0.05879901400590633,0.051253705146187746,0.04279444089450845,0.047598292625171144,0.021709538638296683,0.1458910099046613
2022-07-09,0.039869991762709216,0.03487137079101807,0.01713566311457421,0.02672592971612116,0.036424616684142125,0.04974958258083664
2022-07-10,0.03629717356095489,0.12826486462099665,0.04721474616682047,0.024080116287375403,0.006795186056262699,0.06104941884831152
2022-07-11,0.03238451814930392,0.03520359397216155,0.008619015843334583,0.026640935646757243,0.04528700560016236,0.012848174370819632
2022-07-12,0.023973515939996155,0.04473549669799772,0.04163106911816395,0.05358498904700005,0.06308906557842828,0.07477740677971907
2022-07-13,0.056194587641588946,0.03634245233627343,0.016515637693810488,0.026329302765264604,0.03417334735369275,0.031215649197745877
2022-07-14,0.039272468732190195,0.037678155169491655,0.050053449430157035,0.029364424302613604,0.00865207025806804,0.05740734767580341
2022-07-15,0.055178502702630645,0.03189497671652842,0.06255752833911805,0.02503020741459427,0.09481827009295254,0.06956224347769405
2022-07-16,0.04893155720692838,0.043486012775179224,0.01695200924481677,0.032442397771599824,0.013943081973093832,0.1499306516661018
2022-07-17,0.055854471614491134,0.053162213512854294,0.06605867633208763,0.04098262457781928,0.02696699180575001,0.05689056225553099
2022-07-18,0.04407539705619811,0.024865414690913204,0.06947179257816777,0.04126173646875666,0.033747085409434247,0.03368724196733727
2022-07-19,0.055221268956795765,0.01945516049858481,0.03242078575331103,0.023986715655875863,0.05085071740327789,0.01831969783798134
2022-07-20,0.051519985016419155,0.028651174988998176,0.0449129076881272,0.01303446189154775,0.021494532606508857,0.07948450601238512
2022-07-21,0.08807896492582351,0.0848237816386412,0.11690715978578851,0.06949774604182858,0.2094073093571323,0.09208772703356516
2022-07-22,0.10320703231479944,0.08647182585231221,0.0933456728543891,0.05168811592636229,0.13081884873720523,0.10037204572809695
2022-07-23,0.04395404541264565,0.04789549309802788,0.02995393971662196,0.030217944132500955,0.09314830028385562,0.06616095207085998
2022-07-24,0.03718548531577613,0.044294170565121124,0.0580255999403816,0.03934502227599594,0.05096301772932767,0.07886399758615716
2022-07-25,0.07855661883908961,0.08546744349831982,0.04400619133172555,0.04534185553245816,0.09077336749727756,0.10018352125438504
2022-07-26,0.04324026232371421,0.08171237592443367,0.03653979743031846,0.031052825052505093,0.034106926497107844,0.09411115467179679
2022-07-27,0.051861995743486634,0.01983844898036583,0.031924437250007355,0.03619658264955613,0.04503887776204633,0.050779083669536824
2022-07-28,0.03334900210530832,0.028576076575310774,0.03148869619563488,0.021768227980885554,0.06503032280762318,0.0640670957792653
2022-07-29,0.03359832466109846,0.027249496236468055,0.015768976542609264,0.027825277585336077,0.023694245216737627,0.04086106100526095
2022-07-30,0.012964782794556939,0.01952333739951323,0.03083215197100902,0.015019648981566505,0.02231340441104107,0.02107287415138734
2022-07-31,0.009881377662902157,0.004968248767804986,0.014317764963039142,0.029878703969957156,0.02674147311526836,0.010373640680876345
2022-08-01,0.016927933213896077,0.023868329940553178,0.01751980036361955,0.028604009229938433,0.05845428327947039,0.05896479647682317
2022-08-02,0.026424802381656873,0.022137941365490497,0.027847333414320205,0.013508902351859954,0.02253150311244972,0.03639268030091848
2022-08-03,0.03662313384340597,0.036548423845082216,0.027739501766543665,0.023717237446931314,0.017982465107629034,0.03859448384736679
2022-08-04,0.054422446589024294,0.030989998767029587,0.038256035193225596,0.03372389801435204,0.010881656450385866,0.029185161785988588
2022-08-05,0.04211130356917054,0.01824130996268066,0.028438663028012828,0.020351570063538306,0.03237814124273167,0.07212540263542648
2022-08-06,0.04187793115518989,0.04652361859023967,0.07577534639774823,0.06274187265222368,0.12880507324801752,0.11689783253432257
2022-08-07,0.09552968511386942,0.13260834818984343,0.08074291357066066,0.08086794083763545,0.12811637978134638,0.14583550692567562
2022-08-08,0.07271725014176565,0.04056825243092245,0.04765746614833375,0.026907567291824735,0.04013279771865777,0.030146303243727444
2022-08-09,0.02859402424604144,0.01887557999853194,0.0077317892708243675,0.027108823570801615,0.010924593037592217,0.02196891647523008
2022-08-10,0.024117081141409882,0.02069540236675911,0.03919849686703285,0.03440367394898828,0.03661657024360016,0.05327532096158477
2022-08-11,0.06756604692853697,0.015861397338851453,0.031201318058761845,0.03931514332762452,0.020282147247085176,0.05187625771186227
2022-08-12,0.05165552485789571,0.04647873901890151,0.05093598664415886,0.023302563540518555,0.027256081211725583,0.034241912517381644
2022-08-13,0.08631382573276002,0.027145443946682533,0.06183519840041659,0.01661816885892632,0.06913694762187447,0.06065259019687117
2022-08-14,0.03081577937381562,0.02418023802945367,0.02175413558263467,0.010251296486179064,0.015821046125514285,0.0
2022-08-15,0.05303535502995708,0.03564673342036258,0.028932108856490186,0.09094880241691596,0.03573350926079159,0.04358452275122215
2022-08-16,0.044013515383226266,0.03698796330885759,0.045241250506654354,0.03900529744201768,0.06542482458091217,0.05354791031267436
2022-08-17,0.03561875196297171,0.014997812005361152,0.010811810379203332,0.01868302426070327,0.038403219120778986,0.05488392685084372
2022-08-18,0.11807685182230648,0.06333351804332253,0.0976630020651315,0.149326450410423,0.10186924796429006,0.2146742785556456
2022-08-19,0.09001243257363474,0.04121486152288172,0.04836096512580913,0.06521119830543577,0.029819132816010417,0.02641241257245178
2022-08-20,0.10952440464158146,0.049469528500898224,0.056227045404524646,0.07898814765829193,0.05503136178771373,0.07953926439873761
2022-08-21,0.05549667395563138,0.016820705337522196,0.06315588825852125,0.029876883424345763,0.038655613411920045,0.010746224747942807
2022-08-22,0.039677848375211267,0.008772883736330126,0.015714567789645112,0.017941513511142624,0.01854160863215853,0.023976051023291454
2022-08-23,0.013055096788170675,0.008352569676619076,0.019771819908838258,0.013015199299904362,0.017266466453788456,0.028111649752700515
2022-08-24,0.029611860881601292,0.019420020473451965,0.023892504302460617,0.02649464140986435,0.05681646416310759,0.026505767786142137
2022-08-25,0.03903247299420922,0.034285523223240404,0.0296489103685088,0.020924329895989704,0.0172530614808864,0.0406162655180051
2022-08-26,0.08896999133871518,0.03869802296032544,0.03251256496003888,0.041564351659390215,0.055042519904833075,0.13004258227715482
2022-08-27,0.02891636921994966,0.06656020316837274,0.01668429185336584,0.02973731677718206,0.02309679676612687,0.017742796498168036
2022-08-28,0.008207080542016621,0.024849442394288403,0.020553714203383304,0.011818920697848114,0.057755422501256294,0.0008848187975322231
2022-08-29,0.032165822027881395,0.013339808876215921,0.025966704479448755,0.01448988884999758,0.012775006629870392,0.04989392958897091
2022-08-30,0.036953208714789514,0.012006620413072967,0.026729429686609053,0.02362710169388637,0.017125850123539798,0.05536024313092709
2022-08-31,0.02126317356099729,0.022819344959253987,0.028289867773881833,0.0151431456547653,0.04210255856946971,0.08280514335398462
2022-09-01,0.021016989681360624,0.02276331928214099,0.015684517242407832,0.028620299529877224,0.02124987107836222,0.038916512570205106
2022-09-02,0.03572760489212926,0.03300900715821351,0.03634680225328951,0.029912444073387327,0.036281805619239535,0.04225699702595898
2022-09-03,0.018787293631857164,0.03466421078762351,0.02139507540390549,0.02140463003667785,0.04617041938464875,0.017623998828566283
2022-09-04,0.026331195284226058,0.029249902437491353,0.031319266873645286,0.04809257709460465,0.006599471969444913,0.0126428235594632
2022-09-05,0.03592213673282795,0.03439066655821703,0.02674148740484025,0.04449821054374276,0.035907850771368335,0.04529260127277449
2022-09-06,0.04838996042872802,0.03313125670911489,0.05427928954604672,0.025897662222251983,0.037494778156005985,0.08537482211579009
2022-09-07,0.030058532682889022,0.03522922270728321,0.06443216950772797,0.046418403042075396,0.04465969840311972,0.1296165871725847
2022-09-08,0.04853004957554703,0.03421591370391306,0.03398564276720371,0.07304888499119351,0.0442371405734415,0.04032458703301618
2022-09-09,0.04251649096993185,0.04922525161086008,0.043259034186223885,0.05011705984976148,0.0584770205121121,0.06556402786929687
2022-09-10,0.0272622196630331,0.060337385500140325,0.07361325005935872,0.055521469920397144,0.13973258699575375,0.11566936766737974
2022-09-11,0.05023674972424115,0.03390211342881193,0.05471191395834908,0.028675111070675784,0.053246977265963405,0.0371210641385577
2022-09-12,0.05230758363212874,0.038990702365967134,0.04960482109653453,0.032782841077902525,0.04914150159870262,0.08033228084246598
2022-09-13,0.06548699721927699,0.03565752425455242,0.020216633679409887,0.04568907007550446,0.05161225020029856,0.08328702336088198
2022-09-14,0.03186753004581993,0.027080816236009456,0.02462666931279765,0.046370358332503706,0.018515107844921455,0.04561333840508489
2022-09-15,0.04252813375909483,0.020018101691839322,0.05069655177264228,0.024263040608864164,0.011814158987967373,0.03805166135661585
2022-09-16,0.0350233854814704,0.020776274214114644,0.038108411212201224,0.040681766897959104,0.015328164340509206,0.06072491918802726
2022-09-17,0.08643365088623096,0.01305822817764543,0.11860040969268817,0.05596717637107723,0.205573159743067,0.16930170357686924
2022-09-18,0.0756509375418387,0.11545124897781575,0.097408961059586,0.07846503382226289,0.07296228916097239,0.19165148259996623
2022-09-19,0.14650152033528563,0.07998430304411912,0.09048742225799883,0.07409127307786585,0.08477547986862577,0.257289459655291
2022-09-20,0.17712993866042925,0.08078999032377351,0.09997403236778238,0.09209884864101983,0.10386871338047883,0.10084643607067365
2022-09-21,0.07417055258708563,0.05330027341581483,0.035319334240132325,0.06592185256032686,0.06823024819635505,0.03246862332465361
2022-09-22,0.04985211181787165,0.05925796689495235,0.05435908196221323,0.045192749130585234,0.022783365832749463,0.12144127337567753
2022-09-23,0.07287222634460569,0.013494322950754681,0.038324732229450355,0.05476507214508872,0.05735174770865174,0.04880165394016472
2022-09-24,0.06131606640390328,0.03276997415778244,0.04155375535249246,0.06035169773622987,0.03588317839607201,0.049641665973128336
2022-09-25,0.033197957448504886,0.006817912620714977,0.09393898846639717,0.05039446874471153,0.03609818157153791,0.06692057431782106
2022-09-26,0.06092789100636593,0.024773178857199145,0.04589607840466464,0.04753992010209512,0.024141688286359944,0.10549561446089567
