fecha,Buenos Aires,Cordoba,Tucuman,Mendoza,Santa Fe,Santiago del estero
2022-05-26,0.053237725987566584,0.09623718442442797,0.2721432332697943,0.050774500366977,0.051294107933334276,0.3093932669387004
2022-05-27,0.047682211342217264,0.06318961417586638,0.33857105669986043,0.07547100201283506,0.07639820786813635,0.19299283346804597
2022-05-28,0.050074480385001334,0.13165624143283278,0.20240590140317877,0.08635262354947561,0.08809379359838174,0.0738172023792053
2022-05-29,0.07653480042145223,0.13139789384668718,0.1690530024312868,0.061064411720705064,0.16102317111042286,0.024803816502216035
2022-05-30,0.06348855086104527,0.07054580091467388,0.24090798839418714,0.04635192808858327,0.10581670062009242,0.21192962779312813
2022-05-31,0.0680513488563862,0.07929232538712122,0.17051517348693815,0.06615104951456471,0.041048061908818455,0.15285152104679642
2022-06-01,0.061163366701617525,0.10602546766155413,0.21518720848888095,0.09862856612220489,0.1893051989943236,0.10669320266890245
2022-06-02,0.07432501547414568,0.11534198321560359,0.237870094716212,0.1385264442478545,0.11785477785374485,0.16904816132392078
2022-06-03,0.05441077185856722,0.11626651336743321,0.19515429755107086,0.07348048005108182,0.08615230297601173,0.08332858431199869
2022-06-04,0.040563961498162326,0.038131695801717644,0.13906993103025334,0.04499554645763469,0.08810563520509929,0.0822801428185564
2022-06-05,0.03987511020180568,0.08493897283210176,0.1657653489736596,0.06169875980768088,0.20479297553657982,0.05169521313933414
2022-06-06,0.037813588257656384,0.08716953485578907,0.10230728641950573,0.06465751793042976,0.12048206888095778,0.05026938131100596
2022-06-07,0.02736158342803897,0.048003173507081456,0.19059699782073247,0.04552290712515506,0.10139072172604022,0.06777574001249966
2022-06-08,0.03679610204725468,0.061671616879376466,0.20961735878745194,0.04419248434810457,0.15259804332570462,0.05911050120782813
2022-06-09,0.040339072651989535,0.06883482328144182,0.17177227731214523,0.042884608930589756,0.1113051852871114,0.09199881001440699
2022-06-10,0.0400875918327257,0.05076654493040731,0.13725206312788144,0.04359430695861898,0.05903808021566248,0.07635865357124287
2022-06-11,0.051174991688998875,0.0707658353010834,0.13356678647081843,0.05740207316351306,0.15213270430560696,0.13168818787872721
2022-06-12,0.03388544548582233,0.07617714046677276,0.16369333023018262,0.060272249869878294,0.22202979554166613,0.09269514039147303
2022-06-13,0.031891648546880216,0.03787357433595441,0.38541827518737237,0.0788319633272217,0.09082270704311082,0.06821362171938003
2022-06-14,0.030683012940531777,0.051768701969333475,0.29835941519334797,0.03867545147815793,0.07565610781712427,0.11495299323269323
2022-06-15,0.04916242827016082,0.0950351780066652,0.24023972505959693,0.08504630554530546,0.1549522341141162,0.11342756876949399
2022-06-16,0.027405919355008256,0.0634117281948923,0.2904938214345108,0.0570427209170815,0.1099384187573353,0.09803882093230581
2022-06-17,0.037962759886819034,0.04348253562400834,0.19925654653225378,0.09033755926743657,0.09768518213181503,0.082600584823402
2022-06-18,0.0689080289328245,0.059134662049368056,0.049887551739634044,0.06836699727675079,0.1038355116745065,0.05312111600426751
2022-06-19,0.027769654921207105,0.10933162696397497,0.05821955105885836,0.056772794397679106,0.16747118463454805,0.0513705519783839
2022-06-20,0.026383687902244175,0.1222183118925674,0.10904219639901647,0.05255817742393925,0.09969408203149492,0.09168391013209361
2022-06-21,0.02687618364358395,0.031141936895963385,0.18763599438343004,0.048272067041110485,0.06249626953259365,0.11656631167326388
2022-06-22,0.04218244668272479,0.0783582847050762,0.17811970006189845,0.055830547548550186,0.06405928141952189,0.10357179707292363
2022-06-23,0.04704872283389012,0.08608375884551348,0.22046960059132048,0.05446419252344864,0.15124495714322073,0.10906901316504433
2022-06-24,0.054398246442269746,0.08742835484555082,0.21142285651753076,0.059192067479669014,0.15899358490321866,0.10899661216072928
2022-06-25,0.05243100805524788,0.08203475057589762,0.14731661917029104,0.08104332191695372,0.14973910169803828,0.04758585776301494
2022-06-26,0.04995849053418236,0.07116658797818969,0.09471538595456701,0.05885173461198808,0.16598256510521603,0.057700633631239374
2022-06-27,0.043484744277434345,0.08506948501868672,0.16815727051976084,0.03821361889407357,0.07320004526072428,0.05676237274379812
2022-06-28,0.0440748559132031,0.056116991018958694,0.2097914842835767,0.06631605123853729,0.09500751156054711,0.06841050513847384
2022-06-29,0.05750433774465749,0.07673427241578236,0.15057527297213627,0.08551485021727526,0.148546811756764,0.10138120842734516
2022-06-30,0.029482934653825562,0.09916362129525653,0.15452328546794517,0.0567664060663252,0.0721811784711233,0.0576149528156748
2022-07-01,0.04501269462674946,0.11139229039206952,0.19057805255162713,0.08943761289097552,0.14299842918836347,0.14818238274812323
2022-07-02,0.046733481100868474,0.09501854442885797,0.11556087253828559,0.03745904982752048,0.05538327708689358,0.0534328222790253
2022-07-03,0.020783765767601655,0.029653747690499013,0.0734447171477816,0.03969038949486966,0.1258886253133205,0.02791943504586758
2022-07-04,0.02877687860415829,0.053645168008092596,0.11937703707846467,0.04629197508424511,0.058795123902299275,0.04963390525821649
2022-07-05,0.05068530358131045,0.062048788942426276,0.24343264972336529,0.04593106298454439,0.13880990223619424,0.13314318475803874
2022-07-06,0.04406483709629251,0.11068590826148667,0.11522511542839839,0.07905484878002507,0.10819981543742678,0.10021925296043387
2022-07-07,0.04274533628150198,0.05266120237387788,0.2415662134457041,0.05147868181823154,0.12656792818985668,0.1334505075367346
2022-07-08,0.03650465585146616,0.07355036052855668,0.210791661244665,0.07057900083648332,0.14003607179628455,0.10761440492576028
2022-07-09,0.12392669780026949,0.13934857680451124,0.28058304082889274,0.08286887301531425,0.16264241772993382,0.15871681198336468
2022-07-10,0.04444106600250327,0.12633166909282542,0.1894806594391573,0.10398020869144156,0.22024793234722098,0.07585057276196154
2022-07-11,0.053071257025626685,0.08949745818526911,0.18488964598216853,0.07465852125704708,0.18236472560914319,0.18186372511561263
2022-07-12,0.05538215702822354,0.059640066933551464,0.20495127411271485,0.11733019933672578,0.11317977991223967,0.10456874869789695
2022-07-13,0.043937924887018344,0.06272058571759316,0.19807665529523136,0.0538529907260114,0.12903188473041008,0.09523665927617585
2022-07-14,0.0333995574926279,0.02555719165783655,0.24865812746775004,0.05692849982348596,0.07926688595946163,0.08983893382004839
2022-07-15,0.054951976654991665,0.0632104599762251,0.3373083326425509,0.08232350900145802,0.05025625286572599,0.1616024602634097
2022-07-16,0.07620372742863753,0.08191550949115886,0.25808964396359385,0.0866473642510965,0.15808368147677132,0.1629037715336959
2022-07-17,0.06982857278437947,0.09818348062602042,0.16510953232961334,0.09407389518048981,0.21654160069344824,0.08788616818010568
2022-07-18,0.08081857690368267,0.0900462704939158,0.27741596324394474,0.12947925608846864,0.18990962783769028,0.10870249508594124
2022-07-19,0.05924191865917603,0.07486597060801897,0.14770523413186196,0.09515819655845327,0.051324259337293975,0.11857688449760675
2022-07-20,0.06407293873435338,0.08256657353626803,0.22885004487706265,0.08161194300812516,0.12073310679158014,0.12262913731039281
2022-07-21,0.04226768623975643,0.06626231137748932,0.1284512092019913,0.06167338021509898,0.11429957787515767,0.0790970871631733
2022-07-22,0.046473092221618446,0.09218117773225415,0.15610607706916368,0.07651858344330537,0.15279558175364222,0.08355582530991323
2022-07-23,0.06226688146266114,0.0898311288491152,0.2063521675097672,0.06099452121563436,0.001694520501180325,0.08523336131907565
2022-07-24,0.040536133627836674,0.07132993924402456,0.022415026472909785,0.05328704047276178,0.1493494689652671,0.04115221051152165
2022-07-25,0.058233284683772465,0.0655878992602747,0.1803057072422512,0.05322786922481646,0.054561669953863995,0.08229211054032055
2022-07-26,0.06759368235364896,0.0712646989680514,0.3086000817560974,0.06529800935309234,0.0719485889422749,0.07806944289071617
2022-07-27,0.073545980854429,0.08595423766019851,0.2083705158863547,0.08435711055550067,0.1424574483688044,0.11750545741583047
2022-07-28,0.03900682219566409,0.048073213389614546,0.09963849445319749,0.05155946110259605,0.07538799929635827,0.04572186021069654
2022-07-29,0.041917455259538806,0.04414962671948696,0.15613957759083605,0.036056335617863706,0.09499801076866765,0.10379818542791731
2022-07-30,0.043508907271806965,0.056725257017993545,0.1990815502260909,0.0637927943478274,0.04312333363620359,0.05243562096355917
2022-07-31,0.04384912129178793,0.05270254258256847,0.10336352863099998,0.046328999103622766,0.1550410275652164,0.05709068898013135
2022-08-01,0.04524658864076565,0.09809091062669885,0.24825338432612468,0.037211823156247235,0.06933978854509742,0.09614182639502239
2022-08-02,0.053233706898240675,0.07255645348118063,0.18644310273834663,0.03772175114872985,0.10127659425193192,0.1238467649485148
2022-08-03,0.0460991218427115,0.06933307957545612,0.11512685545673117,0.031966256494804196,0.10307046543916958,0.09185403697450722
2022-08-04,0.033696328415552666,0.038062508604692166,0.11807672406466237,0.051612217360824754,0.09934764623817953,0.06634686115539298
2022-08-05,0.06961964591150625,0.07724902560972119,0.15936613441959258,0.06214561251924553,0.1734062108304038,0.07618762395293513
2022-08-06,0.035655252843637145,0.04873452194776288,0.1496477108678941,0.038700482801313156,0.0823590928909037,0.03788479599975742
2022-08-07,0.08086364518111776,0.1160491269506498,0.10273976795699423,0.05843709454755208,0.1384989181667317,0.08914719206681904
2022-08-08,0.053012718525141514,0.07841482788090179,0.2658632107767505,0.08041562517921108,0.08663197023373989,0.08842454344129975
2022-08-09,0.064673570014737,0.08823820973564661,0.2581428432945664,0.08037130186994874,0.1997303424226006,0.09199637129913851
2022-08-10,0.05814058294157615,0.08891336291200931,0.15103672193854173,0.06579538987386423,0.18570027098849587,0.0900986233737611
2022-08-11,0.0609800573499722,0.06129317869841166,0.29954178196224107,0.05150305649820129,0.10277532644074164,0.09952328637644473
2022-08-12,0.052127853113251875,0.1129801757645855,0.2456200064541447,0.03469743454199029,0.19933549613520887,0.18167317861709062
2022-08-13,0.04048636064590002,0.060953777751329805,0.22867280948662894,0.035219750551197755,0.13337974757201912,0.03699715288850927
2022-08-14,0.045518539355898086,0.08875025682243008,0.2653986474770481,0.041954910601157344,0.15617208135547161,0.0586049984004856
2022-08-15,0.034509211881230066,0.09991261646177371,0.1771294893984472,0.03257157060289272,0.06726126940067137,0.05503415580125634
2022-08-16,0.040237400910408276,0.04018262926904678,0.2510469271844572,0.07402463169665888,0.09928004627903952,0.0702380162804516
2022-08-17,0.04081511876868659,0.07427713641263091,0.23854830075270989,0.07022582149421693,0.08750396115909828,0.1274759958829403
2022-08-18,0.038870877156166155,0.05747888197318622,0.18622269461691565,0.0464895482623456,0.10577488375637768,0.06024309794862208
2022-08-19,0.03668274497455937,0.14356707243211825,0.20299740003006383,0.06816355112122852,0.21731147406118154,0.10215692997086719
2022-08-20,0.0719998196283365,0.08795245637785361,0.20891096868179515,0.08317213819402501,0.23723881868669064,0.13476065112250515
2022-08-21,0.05097608999189089,0.13562171535095838,0.06220683598100037,0.06816200155088142,0.18435510063219418,0.10006977292785547
2022-08-22,0.02400986710910965,0.02308336958140396,0.2273977945741556,0.023649914634491783,0.06614109880788736,0.059154924051547944
2022-08-23,0.023940086242421554,0.056338003074837696,0.1975275678109239,0.04842279269690036,0.10176720221225798,0.11435609534142945
2022-08-24,0.03803919719752124,0.07244522985386079,0.15387535057050755,0.05388343924546857,0.12825109282356498,0.07659255960559044
2022-08-25,0.012437189745545842,0.06529307590038352,0.15470576713515935,0.03800413274808248,0.08310612678753926,0.08455288703491823
2022-08-26,0.03339609620870634,0.10075464990293807,0.17173046180003057,0.05753314218125033,0.10850510927940554,0.036703186671977715
2022-08-27,0.035988737172560015,0.045513284237504385,0.15218646228839725,0.05027303956276483,0.12529518423419683,0.054796376991550995
2022-08-28,0.03592920065492703,0.05049445319440319,0.06737446775996173,0.04653680987482086,0.18312619510714728,0.05902543169894005
2022-08-29,0.049868901761383325,0.07276661114187262,0.148260080037698,0.08270634305972843,0.15353955802126076,0.0418728667928111
2022-08-30,0.04617097006609989,0.053130497292007584,0.18676864835346382,0.07298079155776932,0.12266676429043354,0.05283103370281844
2022-08-31,0.07052314368973113,0.10663374579433221,0.22182733258895393,0.10226659461821788,0.19032636867135028,0.1436197418587731
2022-09-01,0.04040600862424031,0.03806997114780211,0.179441985673899,0.05281799235618508,0.10124848667403732,0.044940149460441246
2022-09-02,0.03704029590409506,0.029430916404612185,0.06974980245872689,0.03155889429573095,0.04149210063867896,0.03807403350422339
2022-09-03,0.020865738659244036,0.019436541834184855,0.048564417579298635,0.03835577392809829,0.04546763392708253,0.02688076196938936
2022-09-04,0.005851620537301259,0.01923759283426906,0.012457023852621872,0.037494862075052704,0.17340064178241524,0.023959735153295147
2022-09-05,0.02892622449642049,0.049734331142235494,0.13316887265323732,0.060865102299334936,0.08927577370059404,0.07361972714008007
2022-09-06,0.03936059952120058,0.07379976741282196,0.1573393264145147,0.058723582258227325,0.08372055831700799,0.10339323973525354
2022-09-07,0.047541643325432974,0.0697955651765595,0.17714998281523764,0.06362726388753978,0.10018661888794474,0.10176214518896855
2022-09-08,0.03946823019523042,0.05075683532352368,0.1979800145812333,0.045199968100543955,0.18236046858758503,0.08556303391531733
2022-09-09,0.046729877587483586,0.05654618720151962,0.21767556168762672,0.07228420391337169,0.10353829569786485,0.07246404839597786
2022-09-10,0.059732299016807,0.12130517908559568,0.19675503213191115,0.0782390904218918,0.14674967155727117,0.054221980909702254
2022-09-11,0.037258193251714096,0.12026077145752258,0.09818286151589929,0.060946993645491075,0.1543298829346352,0.0754094586671707
2022-09-12,0.05473507388637432,0.08074522351475076,0.1583533949102485,0.06690239409869216,0.05892869232233832,0.030060735293981903
2022-09-13,0.048500757471243716,0.07035982044322789,0.21428323903188118,0.07580085466633828,0.09088406591566989,0.04512406487629923
2022-09-14,0.0536312088800089,0.11115272639989658,0.18894299359648414,0.1373461123838957,0.14119997872309742,0.08026024398584093
2022-09-15,0.05093384868148137,0.0946562255134517,0.17457251672722304,0.06066686940170633,0.12849795813815132,0.09906908175904666
2022-09-16,0.029474177458402098,0.07954862568802915,0.14544363837515376,0.05549165975694836,0.09996286377850566,0.05020867712896612
2022-09-17,0.026710144691262056,0.1262946224784255,0.12675018829032608,0.04656535826111566,0.0183314135735484,0.07455612535572383
2022-09-18,0.03857076778090819,0.052152010998847774,0.09573209469286278,0.05978051759056349,0.10248823700309438,0.03823977859932849
2022-09-19,0.03899711799737965,0.08039569526868418,0.18902373513932988,0.03171706010200779,0.1063089936883067,0.02463457521233529
2022-09-20,0.030559913716819567,0.12963815527809816,0.2597296683400136,0.036342458945826085,0.12016836698780707,0.023946605553344418
2022-09-21,0.02787541876474147,0.08647953923797215,0.24520040514846195,0.049783803230536314,0.13345390883318328,0.06312629825747193
2022-09-22,0.019486722657293207,0.08723854987168832,0.1390587913481506,0.05431147972918913,0.1643854039791303,0.06821812980918476
2022-09-23,0.03634062447684645,0.06653249915833777,0.15695711395893946,0.04822558140438511,0.08178657174444771,0.09678072899760708
2022-09-24,0.03658193240923097,0.11071712185571068,0.21617295943736486,0.04655585032473994,0.194280945912656,0.05241503750523019
2022-09-25,0.055396791987264424,0.15288908710837534,0.22416628725944457,0.06766822924438513,0.19502423179354456,0.06076592602965864
2022-09-26,0.04784112446961331,0.05214942298573189,0.2411628818322862,0.11236611880232802,0.11950877740203866,0.12338675912980017
